1.151027771884095774e+00
8.675957339520226075e-01
6.705919494573584494e-01
5.200163389327462360e-01
3.841590131047421530e-01
3.055618288118147063e-01
2.527559341383194269e-01
2.147753448811119958e-01
1.910874806232973622e-01
1.761951769819248836e-01
1.669112396967446788e-01
1.592530104203406238e-01
1.536093682809147321e-01
1.472490973781772072e-01
1.416538895336453829e-01
1.365439150326266393e-01
1.291886043991380406e-01
1.216209754403568960e-01
1.141477797130223126e-01
1.035508736243058864e-01
9.655359409426055028e-02
8.992561641634402858e-02
8.331130201855820039e-02
7.815275626245908602e-02
7.307939789352749238e-02
6.952648264394994948e-02
6.588310380271095168e-02
6.267723084209922413e-02
6.044387650637034204e-02
5.841088271281587307e-02
5.562331101684245271e-02
5.383115975621217963e-02
5.217190557940232926e-02
5.132139357041098915e-02
4.926869071445645620e-02
4.772562544212904934e-02
4.534875652975887961e-02
4.397826797947912425e-02
4.280603595473943257e-02
4.110804300554498497e-02
4.014783035712818360e-02
3.824910990235780295e-02
3.662469986865218852e-02
3.598278705002795619e-02
3.417809953087729002e-02
3.332921125351669123e-02
3.200545308910712067e-02
3.111967775959543700e-02
3.017008448198080922e-02
2.913588834480343448e-02
2.819214290995039271e-02
2.792761355365241602e-02
2.636378445010074609e-02
2.555490912406699691e-02
2.495814298982258067e-02
2.504769941752854612e-02
2.396273894045881231e-02
2.328918802323277221e-02
2.251072267410596239e-02
2.213271755396115092e-02
2.220046518699539395e-02
2.131150964951466012e-02
2.093701110107121580e-02
2.006820692195596112e-02
1.982355006471343134e-02
1.933863344476809132e-02
1.911539385585995371e-02
1.873660383573147806e-02
1.836034638073830855e-02
1.770996749275614845e-02
1.726996284159469305e-02
1.752360647022835685e-02
1.678482286316972799e-02
1.661440480115661603e-02
1.601796241931639428e-02
1.582017818655439417e-02
1.582683879438743016e-02
1.540626199988503336e-02
1.488784908715769413e-02
1.477977936574352731e-02
1.464111024156926691e-02
1.417799102780994795e-02
1.349125415000306145e-02
1.409803819633507344e-02
1.324420817639723399e-02
1.306101049277039183e-02
1.353171688691339261e-02
1.319809605138833573e-02
1.282637538025880632e-02
1.235623887675942577e-02
1.214469108914588424e-02
1.206191702018084844e-02
1.221878700722343544e-02
1.215476096498997391e-02
1.167637407974880977e-02
1.134720865517163148e-02
1.152038860865338757e-02
1.180123747326433659e-02
1.090197537504248096e-02
1.108375452472800358e-02
1.111163120106152535e-02
1.104105035509512708e-02
1.065977114813212653e-02
1.085774872164816350e-02
1.050587883149413197e-02
1.049529962118960456e-02
1.022827158916273134e-02
1.017691781479463861e-02
1.036106891132623428e-02
1.006908349073798795e-02
9.967325298494832120e-03
9.793849520086907873e-03
1.003059182974125156e-02
9.782228906064512064e-03
9.474512673063973517e-03
9.562127923726767079e-03
9.498246762801162632e-03
9.563902623025689193e-03
9.507979668570894563e-03
9.328669463047299659e-03
9.287631687775120895e-03
9.295711090961125689e-03
9.035900276304853485e-03
9.408888744446867666e-03
9.000522818578084172e-03
8.861237229963396522e-03
9.013496217329032556e-03
8.871106481079213055e-03
8.918831794115598260e-03
8.799037120575475823e-03
8.778346760664135218e-03
8.666156041073406341e-03
8.689677849562538192e-03
8.761634788765923151e-03
8.547372748994429975e-03
8.602242092852910652e-03
8.589552231634893856e-03
8.596477572789449489e-03
8.587706103519408829e-03
8.288911784633793203e-03
8.329777550342643000e-03
8.289081417442393379e-03
8.164848824530772375e-03
8.284262372431775226e-03
8.282213009305544257e-03
8.175383461360445983e-03
8.154793798611193259e-03
8.132050402914202045e-03
8.122183976786958443e-03
8.184319723140960970e-03
8.068119221740586294e-03
7.999648971616953388e-03
7.953771124078060431e-03
7.763979291476443521e-03
7.917009438332281088e-03
7.905068611767989903e-03
7.995153405399670066e-03
8.020323457915760207e-03
7.929057221299226979e-03
7.731465014913481773e-03
7.807470352004120678e-03
7.737298395685449776e-03
7.841752044240313246e-03
7.758334174495703020e-03
7.762899549125866494e-03
7.761193393704531214e-03
7.595587508895149977e-03
7.697301962786538138e-03
7.687209916446067874e-03
7.587879829591106379e-03
7.750358501195484147e-03
7.540678130016622779e-03
7.560964800629341349e-03
7.533197570034486784e-03
7.593514696795292465e-03
7.502554975447250571e-03
7.577366220017527076e-03
7.543463760451553542e-03
7.472744724967009082e-03
7.450622926441071055e-03
7.376755875309449519e-03
7.464771434346849539e-03
7.391692707342971576e-03
7.342270698152973500e-03
7.278372875197293944e-03
7.356907817546255723e-03
7.261754470196981649e-03
7.421574370955077646e-03
7.281029328890702493e-03
7.288090273330802109e-03
7.307625339787542605e-03
7.342925225523952958e-03
7.187133346834849966e-03
7.261662083834097108e-03
7.234317253338184289e-03
7.233195244906258023e-03
7.252246655543295381e-03
7.108702259500717519e-03
7.074134391216661648e-03
7.166821478578836585e-03
7.084528709940255548e-03
7.136916667487874094e-03
7.060586220395199258e-03
7.059179993365851877e-03
7.085658942382716020e-03
7.174942661620520648e-03
7.053669881560800312e-03
6.976339860796973436e-03
7.120899844588433024e-03
7.102102712898175282e-03
6.993519944629582145e-03
7.018384732470519041e-03
7.031239997205174230e-03
7.071849793853784635e-03
6.937143608961187681e-03
6.864315086716372971e-03
6.925508213329859344e-03
6.951107244107671349e-03
7.094339133326722779e-03
6.826222929992005126e-03
6.864417433211702883e-03
7.007700337437232189e-03
6.778498528410909635e-03
6.975682271424189958e-03
6.923544975583202123e-03
6.855647271348464834e-03
6.898012730951036051e-03
6.905794781172636815e-03
6.766746621258266751e-03
6.964277451325342171e-03
6.924853916698230256e-03
6.682782484466644711e-03
6.826571194095324910e-03
6.797134238058243939e-03
6.865882527007871605e-03
6.783088288914055491e-03
6.738365829983603179e-03
6.774632143090941923e-03
6.717533868260704144e-03
6.700816732262467740e-03
6.725435434494859456e-03
6.763255258835294478e-03
6.772070980915230812e-03
6.644147316490238951e-03
6.845218616030262528e-03
6.681029073138370147e-03
6.682705499781128530e-03
6.728371367915282793e-03
6.624424124616170098e-03
6.671181908518656126e-03
6.696848352830075957e-03
6.599444383267358272e-03
6.631552142754732274e-03
6.657383836175643707e-03
6.663844997027029878e-03
6.652043748599571933e-03
6.608796294800892146e-03
6.557896885599851823e-03
6.696676099979636913e-03
6.601893577953343341e-03
6.568357955265656002e-03
6.584823185934902956e-03
6.557863739648175753e-03
6.567815076462188428e-03
6.624545316800230059e-03
6.687133075616428536e-03
6.477631666853711327e-03
6.610128278830116819e-03
6.555206776724871974e-03
6.491844717993171948e-03
6.479128635443836236e-03
6.458452971398406968e-03
6.535385837457784002e-03
6.455117484560225077e-03
6.522480332540782876e-03
6.513050047354493853e-03
6.393565136512663512e-03
6.583126954048381003e-03
6.415216301353146057e-03
6.472219114573839541e-03
6.413437799734626743e-03
6.452664026773038096e-03
6.481949609082504789e-03
6.457493547071329124e-03
6.413333351489624960e-03
6.488410430447293271e-03
6.438373233551371658e-03
6.449147199718337047e-03
6.449467308392670302e-03
6.404092112238223174e-03
6.475993876504393572e-03
6.410173275006075984e-03
6.334324758764758173e-03
6.412790373349729414e-03
6.416493380396253235e-03
6.408218570781347781e-03
6.365932557316396519e-03
6.293255400085476237e-03
6.473644290462381330e-03
6.286264297518945852e-03
6.329001870332564596e-03
6.343649127618214423e-03
6.327065009718571206e-03
6.343574188914551798e-03
6.320404414433294059e-03
6.290134899234566326e-03
6.342998516193763814e-03
6.300148844487496631e-03
6.335671405547750080e-03
6.297893227220228464e-03
6.322642129533617185e-03
6.214662279353706104e-03
6.291394424485321525e-03
6.258320088796651831e-03
6.276026366049881032e-03
6.294011928888405827e-03
6.292520103833922594e-03
6.243142139021597321e-03
6.214518443343904595e-03
6.281333161980850663e-03
6.250628979505781432e-03
6.283763884971041262e-03
6.269061535354257704e-03
6.157944374508643112e-03
6.321141806509189900e-03
6.264676884357667230e-03
6.187287754411279622e-03
6.246276289743265230e-03
6.372818342008499358e-03
6.162558353929863987e-03
6.180755045016792827e-03
6.238743872660585874e-03
6.196586160382400524e-03
6.230487768094941647e-03
6.255211880915758846e-03
6.249307604258445316e-03
6.241171131075031256e-03
6.192621300422201588e-03
6.167816784871396618e-03
6.189819607984073727e-03
6.135335073926246642e-03
6.162289039282027765e-03
6.145102401859333513e-03
6.156379928251918057e-03
6.178419488066706940e-03
6.216624940600536282e-03
6.176693849460762609e-03
6.238412781211430218e-03
6.165318047797898812e-03
6.124080598987304697e-03
6.161308787068809321e-03
6.141993767180351470e-03
6.141893989838726441e-03
6.114415281722712647e-03
6.126087320645055324e-03
6.128233093782299926e-03
6.135705671298267820e-03
6.192669223625948960e-03
6.114296401986116236e-03
6.137928742466460669e-03
6.156177003101117109e-03
6.081959217003250935e-03
6.091101678551180329e-03
6.101999568131133596e-03
6.074618544669342125e-03
6.148515772464835383e-03
6.070793172048996253e-03
6.133252516225771826e-03
6.104374496812770695e-03
6.092382100352203463e-03
6.094262576564410394e-03
6.054305218259140205e-03
6.118322444820363526e-03
6.097428579424357675e-03
6.042832007818481690e-03
6.086713320040283877e-03
6.056987195663309995e-03
6.069773429597610619e-03
6.146362041259842597e-03
6.014993546034270479e-03
6.128815225462156020e-03
6.021054056933160953e-03
5.974776130364817250e-03
6.150795879472649788e-03
6.057117759977874785e-03
6.029827591006693861e-03
6.013924075418826919e-03
6.074746944843986696e-03
6.026132930137082823e-03
6.043027795734117781e-03
6.042865545539084955e-03
6.053409585520112476e-03
5.981010094167898451e-03
6.043184505744898273e-03
5.943330690058361288e-03
5.994825073396563633e-03
6.087246188868818304e-03
5.981954654279962071e-03
6.016456046626863716e-03
6.051797323935514950e-03
5.965918890886499730e-03
6.001849766488850761e-03
5.999605588072598299e-03
5.972157140097909475e-03
5.981592797119348812e-03
6.003685166618736961e-03
5.950354042805976358e-03
6.020818829667492524e-03
5.966149081621028964e-03
6.030581706805812799e-03
5.983699154607884964e-03
5.944290095563799572e-03
5.939538564817411007e-03
6.001808450725989487e-03
5.966036197447781297e-03
5.967195781538943596e-03
5.976678112739262395e-03
5.953607569075005518e-03
5.958594667270757095e-03
5.948021912439809857e-03
5.963622082811139043e-03
5.893187281260166450e-03
5.943847266318622036e-03
5.966118754558320629e-03
5.946361770000152883e-03
5.930358161285385378e-03
5.901362386902983884e-03
5.945406774509263449e-03
5.913965319684835222e-03
5.944698995319445782e-03
5.913930610317212969e-03
5.939792889946915802e-03
5.929935007100969879e-03
5.917197575410660867e-03
5.862707948531052302e-03
5.922267208235550487e-03
5.865893660958097777e-03
5.931442950100744051e-03
5.897279865733029598e-03
5.917070250857822331e-03
5.925488242082030226e-03
5.941402186600569339e-03
5.895575674733113253e-03
5.904003173324787364e-03
5.920551412301082624e-03
5.932241767814974351e-03
5.887448259986223509e-03
5.886174921395290888e-03
5.836591299506138121e-03
5.922859974141361263e-03
5.868801809456980489e-03
5.938448966899050226e-03
5.900790625946139047e-03
5.858941275548345748e-03
5.867771510157489094e-03
5.909944178841863502e-03
5.906705249973690126e-03
5.899046609404045259e-03
5.854693655144914237e-03
5.859055338862413122e-03
5.888691674262664516e-03
5.860294950819256062e-03
5.849447408251877423e-03
5.837806620743839214e-03
5.889030330616445638e-03
5.871090899091938736e-03
5.901493026155554995e-03
5.866649095317582642e-03
5.822439181505463003e-03
5.864696083646155945e-03
5.857212649530056138e-03
5.900112384530118576e-03
5.842979425602051746e-03
5.848007951967674513e-03
5.814131947957860806e-03
5.814550920601510749e-03
5.876872203003302535e-03
5.849979763145106947e-03
5.847477309146482949e-03
5.813627788925287108e-03
5.826349634033053254e-03
5.810335904330539078e-03
5.892837294279792970e-03
5.813271177773682123e-03
5.824878633902045785e-03
5.845459191160678331e-03
5.841250960787613619e-03
5.825687666537942427e-03
5.797557643103039629e-03
5.826979174284253188e-03
5.803753835885244738e-03
5.818698680534412429e-03
5.768641940329201356e-03
5.843615477443198612e-03
5.790690664887919274e-03
5.785027027414542736e-03
5.749609532576433618e-03
5.790980164000686554e-03
5.801052752600614759e-03
5.790520196259133466e-03
5.830280804479617655e-03
5.797600078056315727e-03
5.788376745154445550e-03
5.784667832818730059e-03
5.770695844350081337e-03
5.815460483096037726e-03
5.798739599151826914e-03
5.846569924559555896e-03
5.811964417528918750e-03
5.782085803196581469e-03
5.794681728229171720e-03
5.765798529205720842e-03
5.775386534323134757e-03
5.768185818475855126e-03
5.766773091010124995e-03
5.820919772467860430e-03
5.775073736635577548e-03
5.743146640482821481e-03
5.808614976188268379e-03
5.771739326116300320e-03
5.757291746900199125e-03
5.801627944323964683e-03
5.742546631905813548e-03
5.739999703768763721e-03
5.801983265147661779e-03
5.763885090378542166e-03
5.781759616352818640e-03
5.744061366380275903e-03
5.737826920185561987e-03
5.726775761294975765e-03
5.773716137924337667e-03
5.783941044645038443e-03
5.722876985328729203e-03
5.727092881859865980e-03
5.751144315581768751e-03
5.751866337523968420e-03
5.756885356696400495e-03
5.774811266790406093e-03
5.725197495598468959e-03
5.775331807619763468e-03
5.727091454377978078e-03
5.722555661961592141e-03
5.752804174476921877e-03
5.748982684865237142e-03
5.721889164725396486e-03
5.773058256641878071e-03
5.756655486104006285e-03
5.709481989012607679e-03
5.677578297044947632e-03
5.747708155108549079e-03
5.758082881377463505e-03
5.718120340150530286e-03
5.717552238956796068e-03
5.690489966571498151e-03
5.752686071655752423e-03
5.712594054980917047e-03
5.747919966338458676e-03
5.681911813831347358e-03
5.778295594800129421e-03
5.673542454933558007e-03
5.771995372031564660e-03
5.701844415259352261e-03
5.703758486528451820e-03
5.695958880423205792e-03
5.801144342006512786e-03
5.708058560573814159e-03
5.703853210608592246e-03
5.705983383395614277e-03
5.725316502555402066e-03
5.729917913653001516e-03
5.687816797868588091e-03
5.706196663933276597e-03
5.687804099536238923e-03
5.697063921670524229e-03
5.735656012840914530e-03
5.680519501047074683e-03
5.722136114038036021e-03
5.717411437936261408e-03
5.707237474943795651e-03
5.689143470361616647e-03
5.702657013375892273e-03
5.681673797826187859e-03
5.933120678747797611e-03
5.666760098632470100e-03
5.617079123907616454e-03
5.633937568064991200e-03
5.689608175753655198e-03
5.661077018231878283e-03
5.636250106325027542e-03
5.722564373591992708e-03
5.834642161084004769e-03
5.692738282088535828e-03
5.651289881569539902e-03
5.684827438529167776e-03
5.655544601216309572e-03
5.678941520114992592e-03
5.688755498699910561e-03
5.657790516277295435e-03
6.180748119002241886e-03
5.586517019187585593e-03
5.649527953449681728e-03
5.656992963272632242e-03
5.659316040779056520e-03
5.660514272665772076e-03
5.676611733042864066e-03
5.735807265273524386e-03
5.624384645262488040e-03
5.647707490032973475e-03
5.683457222174640930e-03
5.643418706182535063e-03
5.661726946500548682e-03
5.643182540274765957e-03
5.667319160734141797e-03
5.636788766292999756e-03
5.657038953250084420e-03
5.938445853137739802e-03
5.580356661760119651e-03
5.595475301762741459e-03
5.647863520547736355e-03
5.654350417376144758e-03
5.614300441271541896e-03
5.647879709596996360e-03
5.659426337325510793e-03
5.616383584708388443e-03
5.640995524047098461e-03
5.685671223578472357e-03
5.675547996753392034e-03
5.633317479936261404e-03
5.607131888293856448e-03
5.641540383653781930e-03
5.658270898526032190e-03
5.661715955709101591e-03
5.668227909715612377e-03
5.610438171093781214e-03
5.609867054603792993e-03
5.643482326633090379e-03
5.635297894519670191e-03
5.654224842712896222e-03
5.624367340682576676e-03
5.623690893944676729e-03
5.621108006543764322e-03
5.672788101598386611e-03
5.623517234525280892e-03
5.658996695252469650e-03
5.619783132562893545e-03
5.639425872735857534e-03
5.622923189096576228e-03
5.654783325177801384e-03
5.607242724916780378e-03
5.617490963672962766e-03
5.651964445097907089e-03
5.637757383945013120e-03
5.619741348524627707e-03
5.598073607222818319e-03
5.629512962911691065e-03
5.614295505645299986e-03
5.591906386519598232e-03
5.623506422887952425e-03
5.641578694054031652e-03
5.606643582657983189e-03
5.581274023558386796e-03
5.638379631333978806e-03
5.649348333670372799e-03
5.633576984327665765e-03
5.634975485771359302e-03
5.612380223517434742e-03
5.612538865186040248e-03
5.594658420851989292e-03
5.590387496819808864e-03
5.617958883034110396e-03
5.628908183746329959e-03
5.584323934201307002e-03
5.620633434604652492e-03
5.605408342898137060e-03
5.607568273741841101e-03
5.635265667342809898e-03
5.636693407853920687e-03
5.599269440396226032e-03
5.625262749304682335e-03
5.604817121586633775e-03
5.600500345776627392e-03
5.594490598231933315e-03
5.633749031359999195e-03
5.612946288488682330e-03
6.562954742526969781e-03
5.472254538720384455e-03
5.453327512277937085e-03
5.485616424113991772e-03
5.500841612542817921e-03
5.558177412098586241e-03
5.542071330713800072e-03
5.563946491181237346e-03
5.561445200638733856e-03
5.604971544245470130e-03
5.591226085528318290e-03
5.683716127236267644e-03
5.531364627855879686e-03
5.551945812153925679e-03
5.584605742234759196e-03
5.624915168531417417e-03
5.603764967053214210e-03
5.633165456165007551e-03
5.562359983872477640e-03
5.563923188423860848e-03
5.562664361839311268e-03
5.578731536631009562e-03
5.565091959914627261e-03
5.581505401798908875e-03
5.591404235477051392e-03
5.608752708321626881e-03
5.568750055916719087e-03
5.558139371823709110e-03
5.550463730608765599e-03
5.546002840995509740e-03
5.555697372057725840e-03
5.556426637542495085e-03
5.594931167137703019e-03
5.582910540135867412e-03
5.578322626767446245e-03
5.580279762120526899e-03
5.560445089330952155e-03
5.579758239951832476e-03
5.568227628392340145e-03
5.578181669771292012e-03
5.600552377325878836e-03
5.530741896158262658e-03
5.545142136338518032e-03
5.566639840689315000e-03
5.583103607976139769e-03
5.535163881618273239e-03
5.578084235375155644e-03
5.534299624551221840e-03
5.602174032476736273e-03
5.551416495386901628e-03
5.578958415105648820e-03
5.561246119633394928e-03
5.540211505673457715e-03
5.561226833204621460e-03
5.572171107145071356e-03
5.537374911294458586e-03
5.573667449044331264e-03
5.593259583232913085e-03
5.529931706514399151e-03
5.543004776648117159e-03
5.534729596351491143e-03
5.552289216266108503e-03
5.535159250449467154e-03
5.531819994403830432e-03
5.520614044961079207e-03
5.549482607023377423e-03
5.548126704525202513e-03
5.526124549406430386e-03
5.526937166344608222e-03
5.525142867794305412e-03
5.567338576778758236e-03
5.534721050804625522e-03
5.555879253047814152e-03
5.519320772686125455e-03
5.542028608730531318e-03
5.552802128754946720e-03
5.533421698617498226e-03
5.543807641886074229e-03
5.525095498783257585e-03
5.542413280331557821e-03
5.524668274070889187e-03
5.556570805370818905e-03
5.545373323748535067e-03
5.553308334989294839e-03
5.538804260184319005e-03
5.534206526451548869e-03
5.527498953227054194e-03
5.527196483913820318e-03
5.546696089183030150e-03
5.521489176752804318e-03
5.503097674558441420e-03
5.565615092030542360e-03
5.521875854775387497e-03
5.538052833265440927e-03
5.737571695799978735e-03
5.508472437692895317e-03
5.515158966408128041e-03
5.507805549384870228e-03
5.510834929279559598e-03
5.541358703209231865e-03
5.509970753075845058e-03
5.538205096838315182e-03
5.517478714227219173e-03
5.526596290605912537e-03
5.494755486613362924e-03
5.531814008425575691e-03
5.537155684861661507e-03
5.499558827929020358e-03
5.522470139308614800e-03
5.528856246260937385e-03
5.514441563261249409e-03
5.548595108020726828e-03
5.543233890889468808e-03
5.523965703943900171e-03
5.509241270967954462e-03
5.499670710024273657e-03
6.148914557158065460e-03
5.426375260388389445e-03
5.448806246158437866e-03
5.469016351912750831e-03
5.477466371640964810e-03
5.499553814053557976e-03
5.490919300264394433e-03
5.554071906222097198e-03
5.509779995417467442e-03
5.478703164360290701e-03
5.499755950089722442e-03
5.516761185428473158e-03
5.503345266072369631e-03
5.504351862306109539e-03
5.497932107840291030e-03
5.498111626017604912e-03
5.555304188719074714e-03
5.518708688110771261e-03
5.498670919207175427e-03
5.498795479767492993e-03
5.537405252473395073e-03
5.513581976574750791e-03
5.468768259185550346e-03
5.470098757525225334e-03
5.512546554826824353e-03
5.493572390635503497e-03
5.481016791138441230e-03
5.506523619064347674e-03
5.495560229309795139e-03
5.512672142560654832e-03
5.508058569373139486e-03
5.486195870921918918e-03
5.615669137604456691e-03
5.449577607458434836e-03
5.486083305845160067e-03
5.503119373293927780e-03
5.482442034819737936e-03
5.476363732940991470e-03
5.489378709563550764e-03
5.499143035793788679e-03
5.475855733771267664e-03
5.486859782622614465e-03
5.499529138362191025e-03
5.548499643622791487e-03
5.683580660756153494e-03
5.424680133401778639e-03
5.438719494798092101e-03
5.449449874057774382e-03
5.495034712422527425e-03
5.497796665410048349e-03
5.474532527422454505e-03
5.450215356384019091e-03
5.486624445738326299e-03
5.466889196164727641e-03
5.496926294098758436e-03
5.499610107135540285e-03
5.516055094435097506e-03
5.935081906761684005e-03
5.481669315573351950e-03
5.423107621375705158e-03
5.462933748766701965e-03
5.457950234524682268e-03
5.457920859174658287e-03
5.493847018736554462e-03
5.449805513977959426e-03
5.517547614670297550e-03
5.477153488733208647e-03
5.518896416008115674e-03
5.467162786635799271e-03
5.485419666012581949e-03
5.490504409476534495e-03
5.463855958531170336e-03
5.457737437598574395e-03
5.481135132018487982e-03
5.485349018468303750e-03
5.453198139477677051e-03
5.479476761949823166e-03
5.436969298484573693e-03
5.464991477762856827e-03
5.467540816638150232e-03
5.467859062841608046e-03
5.457818765725806244e-03
5.466735566454565889e-03
5.462049586073813683e-03
5.468308071161112442e-03
5.449668505169105726e-03
5.456762919537053690e-03
5.649890367765660233e-03
5.593743578539213043e-03
5.395617405221725220e-03
5.414595143781684820e-03
5.439607825264067102e-03
5.472789431920743568e-03
5.448203490144980579e-03
5.437208420261015890e-03
5.482572428345356373e-03
5.433738627958997758e-03
5.458707243453677499e-03
5.446428235781986503e-03
5.471196745711930792e-03
5.457184674820589505e-03
5.457583626120178499e-03
5.484257051637563343e-03
5.454450143043866259e-03
5.449264115810081681e-03
5.464938621198434619e-03
5.449594209712377985e-03
5.460466140766857129e-03
5.439494481877685771e-03
5.467266056785627555e-03
5.467687022954526889e-03
5.432127182675849410e-03
5.459723487171528472e-03
5.462494364055710087e-03
5.468166851533387204e-03
5.446777893557954928e-03
5.475402608915360715e-03
5.485678442808224892e-03
5.433977968798403904e-03
5.425114155339891102e-03
5.457555170067792533e-03
5.425649455296778848e-03
5.468283675877310714e-03
5.446491783037279467e-03
5.459455636777485986e-03
5.454617757754523337e-03
5.441830630838023243e-03
5.439912127944345095e-03
5.436690476643545912e-03
5.449079550296614602e-03
5.433830732171573974e-03
5.452813588474558944e-03
5.450805532920291636e-03
5.433811716216722411e-03
5.462007309884546469e-03
5.460666860300423218e-03
5.450595814726332325e-03
5.440771551335698945e-03
5.454190050476247567e-03
5.447549892005281585e-03
5.430140696893986929e-03
5.463382253955915459e-03
5.445545910290180459e-03
5.453768123706668504e-03
5.426932211503843716e-03
5.449191446682371577e-03
5.460417313950170076e-03
5.619276720161889629e-03
5.397853636200968842e-03
5.422530280325762661e-03
5.420031978066976869e-03
5.432368352002614476e-03
5.462242479465377956e-03
5.464494075175809450e-03
5.408225796975942717e-03
5.426110571855400320e-03
5.433721138125363441e-03
5.409208004722583854e-03
5.620893855505304688e-03
5.383390838644205346e-03
5.420533636609973886e-03
5.417094969547571470e-03
5.422345104677502199e-03
5.766382328866183869e-03
5.381490301876189035e-03
5.372933702003823871e-03
5.404895145207654766e-03
5.433713544291182175e-03
5.431030565157566464e-03
5.411142974458969107e-03
5.435992645386963223e-03
5.426230288457827705e-03
5.442294960668656034e-03
5.429256199768459946e-03
5.426231659649074189e-03
5.406735845720172032e-03
5.431367399646415232e-03
5.432616970167233363e-03
5.424841885520479551e-03
5.435023194354607692e-03
5.412198917892856349e-03
5.434874941185005061e-03
5.415213223223289997e-03
5.416274758775210633e-03
5.418593219403333369e-03
5.432363135097436659e-03
5.407393910862159925e-03
5.419564162050569123e-03
5.448908411582630527e-03
5.417394346709524661e-03
5.406533076893538237e-03
5.420464936408219900e-03
5.413899351187429626e-03
5.430106136356731110e-03
5.429346172430435206e-03
5.445606467693285546e-03
5.404085616935267941e-03
5.402916738439998180e-03
5.419080909153357363e-03
5.413833960979998541e-03
5.426002480229084012e-03
5.414102138487153666e-03
5.438854051914210688e-03
5.666800844517932631e-03
5.396217883294057716e-03
5.381276849155386573e-03
5.397334474579480908e-03
5.393568704861166456e-03
5.419413027253202828e-03
5.408868448241351858e-03
5.414266958532989137e-03
5.428136270953353576e-03
5.394496679623906991e-03
5.408649925528718518e-03
5.436480944923231286e-03
5.406917412667730516e-03
5.391456544556805230e-03
5.425192538229190939e-03
5.395839760403433293e-03
5.408912193564095403e-03
5.402769580236664246e-03
5.394580747519513685e-03
5.407510091262049921e-03
7.288557048231742580e-03
5.396015651929778056e-03
5.299856153269393196e-03
5.317111073680846380e-03
5.345913125125378688e-03
5.323486596772525163e-03
5.347699136926352230e-03
5.375963685585152113e-03
5.410351332494554334e-03
5.394091179613915918e-03
5.395785164754435953e-03
5.386248015530942582e-03
5.397032875767044345e-03
5.381980528364872438e-03
5.416935873894065945e-03
5.421271049947349284e-03
5.410012776697121183e-03
5.416113584376258498e-03
5.415953105680845411e-03
5.393569076414259436e-03
5.424028914979475008e-03
5.397059980321195806e-03
5.388748997259149021e-03
5.423845335336479993e-03
5.432680234052296268e-03
5.386399960704426650e-03
5.396726747039248297e-03
5.426400165947734347e-03
5.560539539800232051e-03
5.396809463436620484e-03
5.387043205200008240e-03
5.396309890435774768e-03
5.469560153325071436e-03
5.374506579309110479e-03
5.350431436073302578e-03
5.417511623818427324e-03
5.378856405916952396e-03
5.394631040507013101e-03
5.398382150782774468e-03
5.404440915103288223e-03
5.384390957271513109e-03
5.399292369071996903e-03
5.391459726110870571e-03
5.402485246966665274e-03
5.405361721435740160e-03
5.397303386111771892e-03
5.372198312166899872e-03
5.387652747808470248e-03
5.389829342947815606e-03
5.417150840885424576e-03
5.524096317229580319e-03
5.444682785832674274e-03
5.337958354300758289e-03
5.357275570569905443e-03
5.371705648798808137e-03
5.400513279813615002e-03
5.356554802880806460e-03
5.408858282813623977e-03
5.390627282493173217e-03
5.395811020980818135e-03
5.387234279515032073e-03
5.391429587264550891e-03
5.388986641362666224e-03
5.384387455749587402e-03
5.401765496517436753e-03
5.365927520690452063e-03
5.392625267076456286e-03
5.399097094568842611e-03
5.422740252786120707e-03
5.377167767690338787e-03
5.391879893231490105e-03
5.382009781025695605e-03
5.391916082014781321e-03
5.382391385222411520e-03
5.374383115283531791e-03
5.400286974876137951e-03
5.374937978068444581e-03
5.387408573119092763e-03
5.364953716805561518e-03
5.371357759559794616e-03
5.374968836493901857e-03
5.924976623755138019e-03
5.378030688246757118e-03
5.341764748435255325e-03
5.363879524572881009e-03
5.340403806791824831e-03
5.383503612501736382e-03
5.360346679606413887e-03
5.393593734852457008e-03
5.381029520447304891e-03
5.388186125866901641e-03
5.372298043151525933e-03
5.404154826018367844e-03
5.393369977981476472e-03
5.358475992389157526e-03
5.389376557578505478e-03
5.363881946116139457e-03
5.407396814448502641e-03
5.388212708120574193e-03
5.384631259060146564e-03
5.369161993361351408e-03
5.419695364383836020e-03
5.363356441602355924e-03
5.377905841004995344e-03
5.381036322901281733e-03
5.364770300806260585e-03
5.390605464553973117e-03
5.362540469358502426e-03
5.359903144898327775e-03
5.378014616832739805e-03
5.357318836986505947e-03
5.379119543058931939e-03
5.370775344858258644e-03
5.375226467086593671e-03
5.357779479344392318e-03
5.376625270722155091e-03
5.389911066678012772e-03
5.384067462967753737e-03
5.381564570320379604e-03
5.352213680409564391e-03
5.390467975096230671e-03
5.373173085889014836e-03
5.363829587976598479e-03
5.349463010297441333e-03
5.375336217456971356e-03
5.376545664252055205e-03
5.365604954223778499e-03
5.378006132979023905e-03
5.371613691499579728e-03
5.359890024647573879e-03
5.359431632521177366e-03
5.375711766662756748e-03
5.365730042661356197e-03
5.377789876356855146e-03
5.385555724632886884e-03
5.370936141953061918e-03
5.365609460960638934e-03
5.366403380866179365e-03
5.371851051535769979e-03
5.357973308066843118e-03
5.364218129689977965e-03
5.382946799585908333e-03
5.349161016753411872e-03
5.350051032453162318e-03
5.358012560420407668e-03
5.368744418398661150e-03
5.389686637281992238e-03
5.351108483709450352e-03
5.351048639437328350e-03
5.353742700682194433e-03
5.381441877807719570e-03
5.380859545537989772e-03
5.349201374355436016e-03
5.346489881310321872e-03
5.367136119640415412e-03
5.345638331115067435e-03
5.359439807386321558e-03
5.366232204857466354e-03
5.343437314027931623e-03
5.351858466590369776e-03
5.371252423038003904e-03
5.356374053803166467e-03
5.362932828204806761e-03
5.350695426637183845e-03
5.365119570995887516e-03
5.367903274478402070e-03
5.359301613162768298e-03
5.367003438240028866e-03
5.347296095405800094e-03
5.351038075792519631e-03
5.385667967476218294e-03
5.327112461240895470e-03
5.350817401836275092e-03
5.340060456530441695e-03
5.373908633618576167e-03
5.360590631573064826e-03
5.329787209741547807e-03
5.349432012975260942e-03
5.346628249111211664e-03
5.337603775189051630e-03
5.355788274559410145e-03
5.359420117337958950e-03
5.353325136524519044e-03
5.342781923475680914e-03
5.360923435442807757e-03
5.333175201458343825e-03
5.355218365791248117e-03
5.350316042348207332e-03
5.344853745348205135e-03
5.383431546712115837e-03
5.339611720601877831e-03
5.360430242106162604e-03
5.336295223228834303e-03
5.360550580694044449e-03
5.360556456705131874e-03
5.725373487332612379e-03
5.309303611806944975e-03
5.332741994427483284e-03
5.325214541552053191e-03
5.346406465898195619e-03
5.338160316411037776e-03
5.347642971587528854e-03
5.318796038028120350e-03
5.376202206637621141e-03
5.340735271362542780e-03
5.346341826639299660e-03
5.331251215368152524e-03
5.362832130171347328e-03
5.356311920610630148e-03
5.352678690956135660e-03
5.352199851036138455e-03
5.315363733899573090e-03
5.352726378366574542e-03
5.352568200790786164e-03
5.356786793347414338e-03
5.360926488033791563e-03
5.329316713210072338e-03
5.357550173923986310e-03
5.324619616734555839e-03
5.337907795370472851e-03
5.339511820396776465e-03
5.353715981797364971e-03
5.334249036254160373e-03
5.336303419006910471e-03
5.349318785829926780e-03
5.355273522952471062e-03
5.332586837899006525e-03
5.346495309958936709e-03
5.361304379487967856e-03
5.351764044527823443e-03
5.360852960255945224e-03
5.354534852399329276e-03
5.334660449047143836e-03
5.371081959288901558e-03
5.318451726991783694e-03
5.361907518382356963e-03
5.333275127978883735e-03
5.333703473624410926e-03
5.344916970021520476e-03
5.339393909277483606e-03
5.340097690611787622e-03
5.317230087608757101e-03
5.327436673381047601e-03
5.347270881903530559e-03
5.326789088754964492e-03
5.336691668287789868e-03
5.333901270749995607e-03
5.329929745141249661e-03
5.343963945574478278e-03
5.336467147223417605e-03
5.338189095219675155e-03
5.361662686329814707e-03
5.337439193724916563e-03
5.328055098583130318e-03
5.323285291328312685e-03
5.334077146068818068e-03
5.326706644051435076e-03
5.345457181031955558e-03
5.331621834001654126e-03
5.329724091724185632e-03
5.342947726952145850e-03
5.332185310997559873e-03
5.347141781145661743e-03
5.338186304214617012e-03
5.331441697847198562e-03
5.329796719374581097e-03
5.331325221529319668e-03
5.328014760848391075e-03
5.331358539141312775e-03
5.322566460699545282e-03
5.373016226350770148e-03
5.307759656563880955e-03
5.317527025277185571e-03
5.326747075545819332e-03
5.330607387924589380e-03
5.349650778452179518e-03
5.335286442987888407e-03
5.313014734291031209e-03
5.331910402488944552e-03
5.326704475554654497e-03
5.320992055356022800e-03
5.308477553081681830e-03
5.349346082260229493e-03
5.333273721584202466e-03
5.318540104868414373e-03
5.342540951253299877e-03
5.328779932791869421e-03
5.353088843570687899e-03
5.324504026776447248e-03
5.308433032411981507e-03
5.335999157106849355e-03
5.621504925280631018e-03
5.280128788219731056e-03
5.273175897936944155e-03
5.304698502257310447e-03
5.312723083237554100e-03
5.312061776765371508e-03
5.317581654561148383e-03
5.333750964104738701e-03
5.313556432385209763e-03
5.328695226354736650e-03
5.329220246908416420e-03
5.347248291231490938e-03
5.324209359032520614e-03
5.333362942949093286e-03
5.322210835069863914e-03
5.307264898765642544e-03
5.336541555958526813e-03
5.331811039397648874e-03
5.318412444663016270e-03
5.340307215361125501e-03
5.321936433699852274e-03
5.331346933683938152e-03
5.337408456420191655e-03
5.321804513181643305e-03
5.314502762254149151e-03
5.329601096845382191e-03
5.320100327409959737e-03
5.321948606420509251e-03
5.315686825280841951e-03
5.324690842172855737e-03
5.311201046838586598e-03
5.325040453417550536e-03
5.318867796571914025e-03
5.733463280760364884e-03
5.264654166544759442e-03
5.293985027094889884e-03
5.305138448829076377e-03
5.324871924463213564e-03
5.308512343138367152e-03
5.321715689162461772e-03
5.306317222452426770e-03
5.318146307909481924e-03
5.307936018456922700e-03
5.317245197899271580e-03
5.317619845060586603e-03
5.321476016155984867e-03
5.314382911983230560e-03
5.313647580353966608e-03
5.315670162379396158e-03
5.311551620775253543e-03
5.320986779546086308e-03
5.305733434294077240e-03
5.314170419340283856e-03
5.302757524758365190e-03
5.301426122631475862e-03
5.325663786361964705e-03
5.297828042736098600e-03
5.310355981917839682e-03
5.323625612351485722e-03
5.311090659146604567e-03
5.310452331804173774e-03
5.325872310427502872e-03
5.300696279949781813e-03
5.300226636491660488e-03
5.302311384996042515e-03
5.310038269516972539e-03
5.294285260118589131e-03
5.302424251567572355e-03
5.326520482009879445e-03
5.301609077326350714e-03
5.340702476748125475e-03
5.284877798434982517e-03
5.306101699525624625e-03
5.304669137712300468e-03
5.307459341631198639e-03
5.327497790902183637e-03
5.306857083519797742e-03
5.501036704929188753e-03
5.277342637575616405e-03
5.297979158886100860e-03
5.292331823740366661e-03
5.368843994976138685e-03
5.285154677987444205e-03
5.301649457235502357e-03
5.298550327135595484e-03
5.305184999273108819e-03
5.294930268445715953e-03
5.306537935620418873e-03
5.302910986816521816e-03
5.302212135705952276e-03
5.324845028341284973e-03
5.301708189636736464e-03
5.277440822397464794e-03
5.414107600422185529e-03
5.289315705607271559e-03
5.265371971917031692e-03
5.289380535870946351e-03
5.296731810887137654e-03
5.294864036492769564e-03
5.305187190948388448e-03
5.293321700084920728e-03
5.293040128541876520e-03
5.302443007853517749e-03
5.315559749766169371e-03
5.308894538125413787e-03
5.299229901751034873e-03
5.298897027822969952e-03
5.309005042406992302e-03
5.300796752123575206e-03
5.297539328206832786e-03
5.312193470901090467e-03
5.304911487225532317e-03
5.295718508921730752e-03
5.326086216087559146e-03
5.293295850480967714e-03
5.297130003221566831e-03
5.306681181885535871e-03
5.296688856421774561e-03
5.318421814876502472e-03
5.303480548952834751e-03
5.308878594803105588e-03
5.322832617320365396e-03
5.290052482320140373e-03
5.303736981757341956e-03
5.301757452313782606e-03
5.297536669301794801e-03
5.303356281522115037e-03
5.312375501244368317e-03
5.311801164511390297e-03
5.300569736669230592e-03
5.279918866996056309e-03
5.291843520892884449e-03
5.304205013699774159e-03
5.292544547819761497e-03
5.297098581366865323e-03
5.282258840408845559e-03
5.316815031434459111e-03
5.328700186379398476e-03
5.295130589065102575e-03
5.304476896629941977e-03
5.328295062453636266e-03
5.291273781519472384e-03
5.297071899776765666e-03
5.285700329148606755e-03
5.309749498174241335e-03
5.283108518199582104e-03
5.304445951415817304e-03
5.303693347970235908e-03
5.308044457586459652e-03
5.300353610927161126e-03
5.309079621059675444e-03
5.305898413975294013e-03
5.287319741736048843e-03
5.322843659174221129e-03
5.295813108047102424e-03
5.291878015554403979e-03
5.297217482364943025e-03
5.291276669421115901e-03
5.304599021356497419e-03
5.300910051418523776e-03
5.287834315583064826e-03
5.298329065700234375e-03
5.290254876631016352e-03
5.301027170460515317e-03
5.302106652967910651e-03
5.279610990818511991e-03
5.288008265692216783e-03
5.291986950146157324e-03
5.288239561500930955e-03
5.305921162888519414e-03
5.303318751871329527e-03
5.278074631500922521e-03
5.289002522424666140e-03
5.294514094300924872e-03
5.307524505630414370e-03
5.286919908259276116e-03
5.304041291234322907e-03
5.268079285164124249e-03
5.294333332152702937e-03
5.315186516144787023e-03
5.290664188719973286e-03
5.275496392173436265e-03
5.290827769500309509e-03
5.282614345440618531e-03
5.288061126962047796e-03
5.281962861946901296e-03
5.269959507632755551e-03
5.382144729213644493e-03
5.269185769229480475e-03
5.261109366874952217e-03
5.277410267732345582e-03
5.271846339982114681e-03
5.290894994294705576e-03
5.293938341936720894e-03
5.294860292032283096e-03
5.311250929932617888e-03
5.271931467989102865e-03
5.283285521422540973e-03
5.286883307665497279e-03
5.302282708486497076e-03
5.282231286749477540e-03
5.291785291970489691e-03
5.291378821949000409e-03
5.291350091240106836e-03
5.284333324323347257e-03
5.285906488484351864e-03
5.283011870478240488e-03
5.291903912909552352e-03
5.293393993128403703e-03
5.277266853118125697e-03
5.263664283229227761e-03
5.302848259696714417e-03
5.290993191664313672e-03
5.281239705652411576e-03
5.297299622262488170e-03
5.281812477226697708e-03
5.294956859761659404e-03
5.282183938128539452e-03
5.277859280582985861e-03
5.310971948630483462e-03
5.265800882908822610e-03
5.280998179237330128e-03
5.307055657037985409e-03
5.423999870576600053e-03
5.251910906943107679e-03
5.265744491536058537e-03
5.285464659922974040e-03
5.276501659390343824e-03
5.297068654438257321e-03
5.289423152592456594e-03
5.286988208152655112e-03
5.274300660427748942e-03
5.279689122926901033e-03
5.279566740099909603e-03
5.286860034883323657e-03
5.283241855394664108e-03
5.306490471629805167e-03
5.291846114619283906e-03
5.276664660708187300e-03
5.276662039620701357e-03
5.280161048160185271e-03
5.275657094114399003e-03
5.299938336735546263e-03
5.288362964181910104e-03
5.280823876048176303e-03
5.277088113076159638e-03
5.275813939187865356e-03
5.290039421671242914e-03
5.274870009252154678e-03
5.286768205501529705e-03
5.271861626638355870e-03
5.280682390477664176e-03
5.292273790528161277e-03
5.283717065526752701e-03
5.294404695442080609e-03
5.297409478243172813e-03
5.264932216698593910e-03
5.273055205746235603e-03
5.287163101086493448e-03
5.276459877791920584e-03
5.275059960891274879e-03
5.277579278206943718e-03
5.280212916240018158e-03
5.287926945407334101e-03
5.278364905960645712e-03
5.284852436450895863e-03
5.286996037780145735e-03
5.272801650038357046e-03
5.269294310135287131e-03
5.280413703043516059e-03
5.277085228485730271e-03
5.270115006261945519e-03
5.261488385013344052e-03
5.275602393203644019e-03
5.283864577681461790e-03
5.281943803294812494e-03
5.276250920131590402e-03
5.262263279378938050e-03
5.279486561312569243e-03
5.282565617263261688e-03
5.284907611213836634e-03
5.285452053607525048e-03
5.279880337358569715e-03
5.278561775946242346e-03
5.287705933707236711e-03
5.273482368242631176e-03
5.275017222003386928e-03
5.277683995357396358e-03
5.289477965735947702e-03
5.273110621182170062e-03
5.275841676532486146e-03
5.282563790344371214e-03
5.277809962835218298e-03
5.277549841860866911e-03
5.264343483503183124e-03
5.261511386624498007e-03
5.291971668195324940e-03
5.284971443059279655e-03
5.274308535366592325e-03
5.287946408201834279e-03
5.271375368378532558e-03
5.284200477013698688e-03
5.260456838606003376e-03
5.272810205693138907e-03
5.260960144739497586e-03
5.260358465044943227e-03
5.257160219323436454e-03
5.288762037996426121e-03
5.254348356403622591e-03
5.268370437792720129e-03
5.262685962325285884e-03
5.275941884854785935e-03
5.276229588069512692e-03
5.556944327764937880e-03
5.238751389544936930e-03
5.250343109911842845e-03
5.256931736652633268e-03
5.253891031882407421e-03
5.244278591920894898e-03
5.442649814785418746e-03
5.221986540517919995e-03
5.249177656257748500e-03
5.237178739842061198e-03
5.249836710058598636e-03
5.259263631748314384e-03
5.278239548966165602e-03
5.270384126942337204e-03
5.266362198030375211e-03
5.280496996463538394e-03
5.276336936241093727e-03
5.273653677048462975e-03
5.269598521321488052e-03
5.249576045173738603e-03
5.274592932072484988e-03
5.261846078409183371e-03
5.254732628916194970e-03
5.261584504683150879e-03
5.268139015460766156e-03
5.262796965903117179e-03
5.276958209435973768e-03
5.250922302627645914e-03
5.268673281621711821e-03
5.274832782316061022e-03
5.266028907586412997e-03
5.266264854954042993e-03
5.276705168534772533e-03
5.280436349831923309e-03
5.271520589695808702e-03
5.274927294129940457e-03
5.263318701732268116e-03
5.266025159640438588e-03
5.279225006582449232e-03
5.262138271107600317e-03
5.266210532741632394e-03
5.281339451101815102e-03
5.245381836050251080e-03
5.267273454995223189e-03
5.277065984754193174e-03
5.240758952076831310e-03
5.255067270684117033e-03
5.261735729928948037e-03
5.253797681084805896e-03
5.265737339487566900e-03
5.267913455720767482e-03
5.267349884442393618e-03
5.274578270015814647e-03
5.252387642499315758e-03
5.255450196926688550e-03
5.302649177297179967e-03
5.272736501026742753e-03
5.263261339476633417e-03
5.667813843594373020e-03
5.223736442133371238e-03
5.229801413412122311e-03
5.230271351045488563e-03
5.262800715940385739e-03
5.275302609633709776e-03
5.261239208299164395e-03
5.255834970826806993e-03
5.257319833617657423e-03
5.258067771736644157e-03
5.267838623498784234e-03
5.238558776212387698e-03
5.271463716279960361e-03
5.267167681393152522e-03
5.249547235344252140e-03
5.291881593582806187e-03
5.256730704296458216e-03
5.250402995487005696e-03
5.262541788048808421e-03
5.269209285821587277e-03
5.264234382479345518e-03
5.256894273400407151e-03
5.256001223234214696e-03
5.254761064229923617e-03
5.264244681575564605e-03
5.256473295903669844e-03
5.247123615954260925e-03
5.242754106443308672e-03
5.269131180202912303e-03
5.259370766956537532e-03
5.248065189699625474e-03
5.259583926373468353e-03
5.266896552548459322e-03
5.245613436839225048e-03
5.256370996113889082e-03
5.242437539896844211e-03
5.260557374389965117e-03
5.260601157181712256e-03
5.267625067084693441e-03
5.258201205305487562e-03
5.249074022571450192e-03
5.258274357696203667e-03
5.248444392046094052e-03
5.286439336574228973e-03
5.254413366344239111e-03
5.251302989095193129e-03
5.264165171479226121e-03
5.267155346771546301e-03
5.266863642738641056e-03
5.247571337431345372e-03
5.441044401140426347e-03
5.233589171510033902e-03
5.250611288116095732e-03
5.248203597757909906e-03
5.241968479386703572e-03
6.029587427940509732e-03
5.226891747680018595e-03
5.210364222614384706e-03
5.217086114400640989e-03
5.212478919308856026e-03
5.206447199069264876e-03
5.219189180367944485e-03
5.231704537632657359e-03
5.239864816355190372e-03
5.242350089857299340e-03
5.238004220324752463e-03
5.246318124749134448e-03
5.247474736764101352e-03
5.259110809625879360e-03
5.262907867704679638e-03
5.259323172608646769e-03
5.249436662049997843e-03
5.243635953726068569e-03
5.273149269151997977e-03
5.257969884749803292e-03
5.229494426731287789e-03
5.263433951680955916e-03
5.262458181806176256e-03
5.260470833888690467e-03
5.263939920553524499e-03
5.259650512103515238e-03
5.722374230599543490e-03
5.218364355505673152e-03
5.225137850300347851e-03
5.221053996628072409e-03
5.246643561167185256e-03
5.246723294509072523e-03
5.249782807324751034e-03
5.247459246032497651e-03
5.243596756791773887e-03
5.248794756156342604e-03
5.249939664771702437e-03
5.248539943755520763e-03
5.240897312732468831e-03
5.243884712355880752e-03
5.256659555364633953e-03
5.249914967296031958e-03
5.247522447353039285e-03
5.245701135742662086e-03
5.264821609420824826e-03
5.257514029536340845e-03
5.250636284472420812e-03
5.247964523209839097e-03
5.231307156197169059e-03
5.245757906162319857e-03
5.272499920694369638e-03
5.245290368113633001e-03
5.240426388008709649e-03
5.255707719643505464e-03
5.238444951654294517e-03
5.251995512126794718e-03
5.249321142324485899e-03
5.252960341226889721e-03
5.250503893761789519e-03
5.283227975830201949e-03
5.282832044706551287e-03
5.224724323035658154e-03
5.235993953402193549e-03
5.230050097103928174e-03
5.265581817854150803e-03
5.245654059512663663e-03
5.230759532249415304e-03
5.244045029150344595e-03
5.243212231232723640e-03
5.252390054457481069e-03
5.248669145418285997e-03
5.251736046424313950e-03
5.248909338808222316e-03
5.236006735560545279e-03
5.246973484629084521e-03
5.252212769955586294e-03
5.250261206156155505e-03
5.249995386756365137e-03
5.255480150345010620e-03
5.250255598179148255e-03
5.233275013087696631e-03
5.248014808877811584e-03
5.250625095879491930e-03
5.251116920464733197e-03
5.240547737388308314e-03
5.236121073182571813e-03
5.236567590597593531e-03
5.239192745648324490e-03
5.243836268942947756e-03
5.237674340605735779e-03
5.247144781758529032e-03
5.250698686744683513e-03
5.243513255636626444e-03
5.253871280837993721e-03
5.260639869458806281e-03
5.244285193087901142e-03
5.232179360178405327e-03
5.242072446285718848e-03
5.257208540569990873e-03
5.258439698474046999e-03
5.239255588660629744e-03
5.220475475043113815e-03
5.246557238160403508e-03
5.251940912818033914e-03
5.251501654456007182e-03
5.232303847194911227e-03
5.239432272787099797e-03
5.234899374720511887e-03
5.238345798389417232e-03
5.233590306907970162e-03
5.243122611825025772e-03
5.224429790180142724e-03
5.232932340928135584e-03
5.234705105258017667e-03
5.236550136315943314e-03
5.270509202657880539e-03
5.439440561890668789e-03
5.215822181749453328e-03
5.234762879324139986e-03
5.213886174034539425e-03
5.264336391579371027e-03
5.228643639509505080e-03
5.244879207147207408e-03
5.245995907702701022e-03
5.234184461606744380e-03
5.240715080056573306e-03
5.261132052526558585e-03
5.228398763016981615e-03
5.520131175816170820e-03
5.223810851565579075e-03
5.225553152375871438e-03
5.220695272921779817e-03
5.247123387480478497e-03
5.239582392610163571e-03
5.245438816993425006e-03
5.239713292751561717e-03
5.234991453140471797e-03
5.231769765067767648e-03
5.242480204718098259e-03
5.231096904374892866e-03
5.235080329267709914e-03
5.241066667224798803e-03
5.234152949129337352e-03
5.256545190730071114e-03
5.244366690087059850e-03
5.226219438565727834e-03
5.252318881998608441e-03
5.239558437892129737e-03
5.249036164413356520e-03
5.238956814139668350e-03
5.264439656849515849e-03
5.248666337334333132e-03
5.235870405376336773e-03
5.243321333302207454e-03
5.216584512845384020e-03
5.257710384540984633e-03
5.233636272312727766e-03
5.231943911235656559e-03
5.228383913615295038e-03
5.229132401570120089e-03
5.241189397729286402e-03
5.244204380987267482e-03
5.242673629995234577e-03
5.237654110306628856e-03
5.241774757145932148e-03
5.232456736935826511e-03
5.265536987847330326e-03
5.239924275480813479e-03
5.231468494414089933e-03
5.236102037011885167e-03
5.245783900414052736e-03
5.228723134095418154e-03
5.248321227423991334e-03
5.236202513368265130e-03
5.234135148041563386e-03
5.239547006360640094e-03
5.261004319648721235e-03
5.231208823939149759e-03
5.235577011055697963e-03
5.230954778520111557e-03
5.215818927871498055e-03
5.224594217934227028e-03
5.245634510626592979e-03
5.244289573824345747e-03
5.223633731578749932e-03
5.221972100486878439e-03
5.233671491433069221e-03
5.237213651368026468e-03
5.356578983109957018e-03
5.224885392347127303e-03
5.232027253626795986e-03
5.242019581530399028e-03
5.219018187173112694e-03
5.252466833499165426e-03
5.231192578599247467e-03
5.235170948313560418e-03
5.228646998997766443e-03
5.259234746283722971e-03
5.238238685139773136e-03
5.234953827987296436e-03
5.232750740694160942e-03
5.234172945726429070e-03
5.230687555862579413e-03
5.243103975091341698e-03
5.231953052452536362e-03
5.225711096772466847e-03
5.233677618573615020e-03
5.226098750731879641e-03
5.240950693514387707e-03
5.248962051944784657e-03
5.925001572883090845e-03
5.190928378958021248e-03
5.188365617465830540e-03
5.187703334882542809e-03
5.198717447733897101e-03
5.212708269343516165e-03
5.222096335154004232e-03
5.223350682798466073e-03
5.229308921007249852e-03
5.235135227979947556e-03
5.217814732630162572e-03
5.226126069295036064e-03
5.236385977815859183e-03
5.236164499408827409e-03
5.229408742266032119e-03
5.230950374605167902e-03
5.224206011699133317e-03
5.238398890398598615e-03
5.235028707611926596e-03
5.231411521313266040e-03
5.224918264687942841e-03
5.215884364435928976e-03
5.230425063013182697e-03
5.344859065946671282e-03
5.192211542444437854e-03
5.213866111561711418e-03
5.212248395361608957e-03
5.231827075912444391e-03
5.233965766188147795e-03
5.227360573791045399e-03
5.227691021644716857e-03
5.230674152764419431e-03
5.237157302169675663e-03
5.230475228257522313e-03
5.229614245458534191e-03
5.220780184828469755e-03
5.247425609324015729e-03
5.205041727868137819e-03
5.218960084425408423e-03
5.228194460401055198e-03
5.231269225018087693e-03
5.212724123437314366e-03
5.238147406465189920e-03
5.228867827709708822e-03
5.227017009869206615e-03
5.236687030626494682e-03
5.209303188101460820e-03
5.228882996730707319e-03
5.239590549525040622e-03
5.246437495591085159e-03
