6.807404003680465887e-02
6.417484856963515116e-02
5.553445788825343149e-02
4.602580979566820579e-02
3.876485049579582454e-02
3.270685587435247232e-02
2.745376080190930351e-02
2.272144342845160842e-02
1.900104643821626943e-02
1.646682661595548144e-02
1.470349867574446794e-02
1.344754396865289331e-02
1.255441499834958341e-02
1.190213702722246226e-02
1.134167522579587750e-02
1.087083562115530831e-02
1.054854146177004910e-02
1.027679180483818955e-02
9.970332068547294729e-03
9.694907889550852254e-03
9.370282344299809760e-03
9.045240936680937205e-03
8.742768065460182134e-03
8.457139671172298964e-03
8.148648981060721899e-03
7.912956736563610954e-03
7.638285730890148617e-03
7.419756249786762028e-03
7.227095934244508364e-03
6.995060841879154924e-03
6.836784267407691740e-03
6.603945031675682864e-03
6.454152462538331747e-03
6.292547867842531242e-03
6.165921129007450111e-03
6.056863911488946824e-03
5.934515232178466139e-03
5.804900474522909672e-03
5.702773115700835588e-03
5.585028501687582664e-03
5.520654894539830070e-03
5.407847945779160198e-03
5.316668877400412829e-03
5.226709040629114178e-03
5.122996112791832618e-03
5.035299359553097390e-03
4.944471475071535692e-03
4.866229096974084706e-03
4.781468698899902885e-03
4.734760235359300809e-03
4.622317623335890635e-03
4.570644767466977565e-03
4.503058873655129898e-03
4.408909789702024178e-03
4.350331868114741367e-03
4.294146093871712040e-03
4.221627981406162432e-03
4.164183214669322369e-03
4.087182129231353885e-03
4.040915363197755683e-03
3.993248858371983324e-03
3.944041524612216208e-03
3.888272048945923612e-03
3.823530636999678163e-03
3.779092227097623213e-03
3.720515608037459551e-03
3.681004821172285425e-03
3.630004387870319239e-03
3.591318907561951834e-03
3.551633758777138997e-03
3.484383276503388079e-03
3.458852202124045906e-03
3.410298984970417703e-03
3.374845603018062148e-03
3.328050652129887783e-03
3.275115394610688627e-03
3.245009979181560575e-03
3.222221124347043018e-03
3.185292963122580978e-03
3.137030172570257416e-03
3.093698577157885481e-03
3.057280205772955426e-03
2.995039436242593386e-03
2.987801272479237089e-03
2.923891566272735811e-03
2.887512867417030196e-03
2.873547518804312612e-03
2.841583696928734297e-03
2.800188219372718671e-03
2.764631491286881002e-03
2.737832755306289674e-03
2.703727726109359224e-03
2.675136131608111395e-03
2.641167519209783928e-03
2.611470269840935471e-03
2.567988407343603507e-03
2.564544359035232299e-03
2.541179520748611514e-03
2.488555908440138152e-03
2.473162633539762855e-03
2.466137737243486502e-03
2.439098277033033453e-03
2.405764518339119796e-03
2.385564494883630343e-03
2.361676098902927134e-03
2.343403514088438031e-03
2.325572541735028941e-03
2.304244815256212362e-03
2.291022706149469391e-03
2.265396751540093862e-03
2.251541244094734141e-03
2.223958215825426812e-03
2.217461510657606043e-03
2.194220949386798541e-03
2.167267731319789514e-03
2.151593022727446482e-03
2.140870445385619891e-03
2.122581246640800785e-03
2.104131984496545021e-03
2.095472780725511717e-03
2.081159984310921793e-03
2.071135130349802990e-03
2.053460385092718138e-03
2.047365617242636118e-03
2.031088589368566441e-03
2.016975370467177613e-03
2.006200716961844578e-03
1.993906835664320011e-03
1.983076510016812052e-03
1.973979896064122913e-03
1.963766613273887005e-03
1.952522160857637044e-03
1.936576917696420774e-03
1.931338868672753195e-03
1.925491124899043026e-03
1.915939545752424773e-03
1.903803516311771684e-03
1.896539750588433241e-03
1.891511196338900667e-03
1.870318721198409957e-03
1.866884514428731028e-03
1.861942475759228999e-03
1.853231698257882176e-03
1.853304805511519528e-03
1.840585497665235678e-03
1.824965344290221123e-03
1.825913340397023040e-03
1.812933516670520249e-03
1.799802716213562935e-03
1.801630845614067729e-03
1.793211745655911432e-03
1.781362067408926624e-03
1.777302670103642849e-03
1.763574336028049961e-03
1.764850459001612642e-03
1.752782922027587998e-03
1.754626749720547161e-03
1.752125795004878112e-03
1.740653780261110489e-03
1.731925078024279139e-03
1.725947508075369348e-03
1.717568432332245137e-03
1.716763531743175156e-03
1.711593407051481682e-03
1.702012506579913360e-03
1.703088183979319797e-03
1.693296747269599665e-03
1.687319355516298533e-03
1.687401897464962421e-03
1.678913606199698054e-03
1.678800922093500337e-03
1.663863580481533952e-03
1.669638937800665447e-03
1.659819551654338407e-03
1.651331202181413127e-03
1.647132425325013643e-03
1.652313544380779693e-03
1.648304804819385140e-03
1.635196349133240983e-03
1.634617080608059391e-03
1.625447820009061437e-03
1.630297250638598804e-03
1.617128566753755050e-03
1.612944696635331288e-03
1.610594219266727085e-03
1.604972540890284901e-03
1.605170424891674743e-03
1.604565523647073040e-03
1.595439412265118239e-03
1.591465308091848498e-03
1.589664121257409026e-03
1.587084870179696853e-03
1.579946570895182732e-03
1.577791230004381255e-03
1.574444214563850341e-03
1.571536652672712430e-03
1.572471160461155846e-03
1.562845869154340286e-03
1.557930057480078111e-03
1.556576595956760773e-03
1.559294273827258525e-03
1.554963652871989678e-03
1.548743493608226987e-03
1.546201666745268023e-03
1.545137474989563119e-03
1.544149291111173014e-03
1.533918138830448440e-03
1.529129287388320772e-03
1.534603723212602487e-03
1.534929199800910173e-03
1.521107104075737886e-03
1.522729123982985563e-03
1.520598206695581833e-03
1.521998684847041374e-03
1.513786146711435356e-03
1.512724873181125725e-03
1.507484201327228450e-03
1.508639694151780964e-03
1.511160890668669567e-03
1.499641939637273496e-03
1.497711635837442904e-03
1.501351382310117536e-03
1.492068386904359936e-03
1.495459933122508496e-03
1.494379116805733161e-03
1.486204902750919458e-03
1.488877147712192733e-03
1.488637382165991681e-03
1.477786221138541753e-03
1.488009780456457046e-03
1.472276734281610135e-03
1.471475329986232433e-03
1.474707061930247186e-03
1.470083190953570948e-03
1.474494349440102527e-03
1.467744141108144476e-03
1.467564290240936731e-03
1.464115167148188294e-03
1.460230288086709948e-03
1.460355418524426040e-03
1.455777136519729661e-03
1.459479569157719290e-03
1.455716707469744808e-03
1.453273047478367743e-03
1.456251469354318201e-03
1.450012599115962659e-03
1.445330585047050614e-03
1.442142559301169387e-03
1.440240909703756301e-03
1.444355741092338569e-03
1.439559507646603551e-03
1.434202837858148403e-03
1.432467137343490082e-03
1.432600852365544268e-03
1.432808100567952228e-03
1.431078262209563214e-03
1.428961471172083197e-03
1.423729013307940133e-03
1.430423706083301964e-03
1.421222346399152398e-03
1.416426860852150341e-03
1.421317720435793987e-03
1.416134096795001584e-03
1.416617070591707399e-03
1.417742849363872902e-03
1.415992968835628075e-03
1.410007493101300257e-03
1.416025200456486706e-03
1.408890865218245672e-03
1.405080600622846121e-03
1.403945822667464292e-03
1.399472157605421898e-03
1.402793739609347777e-03
1.400362585289933537e-03
1.401275125263163994e-03
1.399227907542351232e-03
1.392859181850691387e-03
1.396017912674198851e-03
1.393279687063712653e-03
1.395979914399460547e-03
1.390379085083503358e-03
1.391041204197371230e-03
1.388899517621326306e-03
1.388198937708372532e-03
1.382993807643930796e-03
1.390188314528818022e-03
1.383792130505906003e-03
1.381526605998483707e-03
1.386319339839312079e-03
1.378850215832663848e-03
1.378904735933693783e-03
1.379837188765150073e-03
1.370776706520875207e-03
1.377761999736289112e-03
1.375758255295829111e-03
1.373714283087798266e-03
1.373955113973613588e-03
1.369848016361583211e-03
1.377314759082367201e-03
1.363654239720129549e-03
1.368003624193732740e-03
1.367792323849325664e-03
1.364058638402835177e-03
1.363521802826773294e-03
1.361740149629391515e-03
1.362225120785383976e-03
1.360025864392853685e-03
1.358620974135551574e-03
1.358765828430870187e-03
1.356566219742571600e-03
1.357477741081736071e-03
1.351567018797347926e-03
1.353678324111335729e-03
1.356048297125171361e-03
1.349200539637362625e-03
1.350357203934659470e-03
1.349541433500600109e-03
1.347702409856684934e-03
1.346186803835778840e-03
1.351029378073401481e-03
1.350891521070877533e-03
1.347239389001324934e-03
1.343287437287031105e-03
1.343034723237530523e-03
1.343865298197610345e-03
1.343380305518725257e-03
1.341079457413438735e-03
1.340194687112736347e-03
1.342906507968060457e-03
1.335985422072357787e-03
1.339408556403017892e-03
1.337541514048408691e-03
1.338765702456442197e-03
1.336482637401525172e-03
1.335637894801343676e-03
1.334882751305888722e-03
1.335155757086234395e-03
1.332290778978739015e-03
1.331308372210694571e-03
1.332008098788882867e-03
1.327852618150011455e-03
1.325733703317142969e-03
1.328166807767472250e-03
1.327234270500052748e-03
1.326935572572704967e-03
1.324397530514763574e-03
1.326451049737693540e-03
1.325663887323326505e-03
1.325479556470384379e-03
1.320126131323339164e-03
1.320032061556560476e-03
1.319688950225426406e-03
1.318706545722949687e-03
1.319833753458335727e-03
1.318632073813357907e-03
1.320240641302780496e-03
1.318116699959553028e-03
1.316903241018452285e-03
1.315570081333897580e-03
1.315631448241748238e-03
1.317127054528623338e-03
1.313298677939860352e-03
1.311131410403902154e-03
1.314426039820983149e-03
1.313428246188897558e-03
1.314212644262194741e-03
1.308740341992669504e-03
1.311601590453005846e-03
1.310470506244249857e-03
1.308647453980827128e-03
1.305429949453044709e-03
1.305406996987280551e-03
1.307547298430125063e-03
1.303760477667256171e-03
1.305425302773814515e-03
1.303262972781116854e-03
1.300651120533609026e-03
1.302865013015919345e-03
1.305829529360516680e-03
1.296169088207447433e-03
1.305694469026970296e-03
1.299038895895191555e-03
1.299311914658982494e-03
1.302590976837983503e-03
1.300010779188683725e-03
1.295185146081640620e-03
1.298050333405593960e-03
1.298522161219469720e-03
1.294450478699381724e-03
1.297596386235770616e-03
1.295989149941610989e-03
1.295109702330668250e-03
1.292094756890238994e-03
1.294503928493976165e-03
1.293518079631588227e-03
1.292739344431745492e-03
1.290581041136979520e-03
1.289907818650380634e-03
1.288332921852954321e-03
1.291817665071516748e-03
1.288504603518937077e-03
1.287202665447759273e-03
1.289427022412726080e-03
1.286036695941340097e-03
1.287953254890845728e-03
1.287945373242436499e-03
1.287060494020213219e-03
1.289624668180964833e-03
1.287049332526958622e-03
1.283288571107324026e-03
1.282063823975455310e-03
1.283720693715518970e-03
1.280316833178735732e-03
1.282797392121722479e-03
1.283219609232507915e-03
1.280470232236684226e-03
1.278540456924074416e-03
1.279207256962099038e-03
1.278256482746546914e-03
1.277260134633753262e-03
1.277615741877481930e-03
1.275784003166314509e-03
1.276032800746462704e-03
1.277387776627473106e-03
1.274258156431125116e-03
1.273422796505051550e-03
1.273740331407407795e-03
1.276600590511782832e-03
1.271665511578934978e-03
1.276528879457772313e-03
1.271208614901455508e-03
1.272649793975573918e-03
1.274424644457566652e-03
1.271931237044805459e-03
1.269372317519646808e-03
1.271652833985242913e-03
1.267722237075840719e-03
1.270907043972928103e-03
1.266293974438526112e-03
1.271254183919012922e-03
1.270422820454257052e-03
1.266907887239828974e-03
1.267433957884110457e-03
1.266213837215637936e-03
1.266853324180151116e-03
1.266965084718986488e-03
1.264571871250884513e-03
1.263958737282026585e-03
1.264436732493842783e-03
1.263811279326666065e-03
1.263950503860672816e-03
1.264037059523823343e-03
1.264213007950770610e-03
1.261948674696241083e-03
1.261191639538943553e-03
1.263331253294871972e-03
1.260550104414146421e-03
1.261091564710859880e-03
1.257968805176150080e-03
1.260913694995416477e-03
1.261622749699815036e-03
1.259386314645208902e-03
1.259228494244872933e-03
1.255449643923237492e-03
1.257772270146015683e-03
1.256246540784657431e-03
1.258554929134737084e-03
1.257237072836769410e-03
1.257938208423755580e-03
1.260071173784306367e-03
1.258270611288025975e-03
1.256548197891892236e-03
1.253712226195444895e-03
1.254146913251934399e-03
1.252243730388052012e-03
1.256188324584296603e-03
1.255501108470618134e-03
1.253262674313981168e-03
1.251265379596044371e-03
1.250363533799174129e-03
1.253418331358632006e-03
1.249694992672417768e-03
1.257935468393969183e-03
1.250056732197788551e-03
1.250906698151301941e-03
1.251222823173488109e-03
1.248345088351707557e-03
1.249545975222285865e-03
1.248231976750323454e-03
1.248093225719953828e-03
1.247567865331127490e-03
1.247671379987986932e-03
1.247142663857799157e-03
1.251338512990846693e-03
1.243852575161092733e-03
1.244525779697425128e-03
1.243162066741946951e-03
1.245515419115886735e-03
1.245892192686707265e-03
1.242832593256635578e-03
1.244629197326993422e-03
1.244039374001430038e-03
1.244677274284360221e-03
1.242647637542710834e-03
1.242389983945793976e-03
1.243379145242346330e-03
1.240678854732116081e-03
1.246412162331607702e-03
1.243071561932987661e-03
1.242158426028330603e-03
1.241645447838030970e-03
1.238752980901257437e-03
1.239923380289511233e-03
1.240058261207527875e-03
1.238268952134266012e-03
1.240076703973766979e-03
1.239962691809246009e-03
1.238331147107089381e-03
1.241424501839394996e-03
1.237171341251710067e-03
1.237110394780931285e-03
1.236083383691458180e-03
1.234337687492370605e-03
1.237241952111219545e-03
1.237245017249962624e-03
1.235752031004926392e-03
1.235356248711643031e-03
1.234286179899204495e-03
1.234816823068944939e-03
1.235395285400595544e-03
1.234730509908669180e-03
1.229548391998985368e-03
1.234399053877397942e-03
1.233799173479236235e-03
1.233198261550700172e-03
1.230758637668074142e-03
1.231513415535766872e-03
1.233560352239055063e-03
1.232280902018000968e-03
1.232428068760782480e-03
1.232427076877842115e-03
1.229591124438719676e-03
1.230051182541566732e-03
1.231405515175641816e-03
1.230722243938048429e-03
1.230217135284084745e-03
1.229120895592774633e-03
1.229417849207313637e-03
1.227677132028801889e-03
1.228032718969559230e-03
1.230071714161170204e-03
1.230360252150434867e-03
1.227338638708753765e-03
1.226541083699934399e-03
1.231532858375844605e-03
1.225711355713603309e-03
1.228594533387365262e-03
1.224771601741876962e-03
1.227228747176084588e-03
1.224671636532412159e-03
1.227763145698463048e-03
1.224757141843549639e-03
1.224933083299519507e-03
1.225097378082211017e-03
1.229688900674157917e-03
1.223234115478660832e-03
1.223183185866654615e-03
1.224100157813012976e-03
1.225622106464802682e-03
1.223406331121508917e-03
1.221535662464479696e-03
1.220228370769830487e-03
1.220037279114500814e-03
1.223057187019434711e-03
1.224222841001991208e-03
1.220343200891406844e-03
1.223763791251018590e-03
1.223490901014622542e-03
1.221331368039451325e-03
1.220087352516213176e-03
1.219983474845707898e-03
1.219366140950131064e-03
1.227945776765714285e-03
1.222371411371089411e-03
1.217020949412243131e-03
1.216865409218600329e-03
1.217717013526066656e-03
1.218545986642687387e-03
1.217540548026874126e-03
1.220956747542124160e-03
1.223880924060689835e-03
1.222289625076370756e-03
1.218860856888949549e-03
1.217736245145530473e-03
1.219347615664947591e-03
1.216668038803966944e-03
1.216822566550286285e-03
1.216803530728148954e-03
1.230429500706694537e-03
1.212547383773765171e-03
1.213165750593911884e-03
1.214599966445887528e-03
1.215344415242159163e-03
1.214766055819561799e-03
1.214839862000816105e-03
1.218936828430044941e-03
1.213005565463782858e-03
1.212405787277576414e-03
1.215027287532017761e-03
1.213656232743189328e-03
1.215266910696006239e-03
1.213642836006045876e-03
1.213902339351804029e-03
1.212781336483361588e-03
1.213471563013610597e-03
1.217359328146850944e-03
1.207275824739129262e-03
1.211340160459045776e-03
1.211012961255096380e-03
1.210046419560139664e-03
1.211408812909604621e-03
1.210424269885549764e-03
1.212269900708938834e-03
1.209203559820941831e-03
1.210557772031382959e-03
1.212805197964573079e-03
1.209927023535533079e-03
1.210027228110932725e-03
1.209640381652108895e-03
1.207664039339396110e-03
1.209639733264077695e-03
1.210670621088332302e-03
1.209864419889162233e-03
1.209395046643550395e-03
1.206959341670118700e-03
1.210918339474048545e-03
1.208656472115621347e-03
1.208886190479297861e-03
1.209219026764085181e-03
1.208275416447686205e-03
1.207408862443596232e-03
1.207586278609825607e-03
1.208279805984989290e-03
1.207719473858380596e-03
1.206464860445407173e-03
1.204815108596046140e-03
1.205555104419120567e-03
1.207728110550774624e-03
1.205507121177830767e-03
1.204929236478791176e-03
1.205101931812018693e-03
1.206923350775447037e-03
1.202896636723217293e-03
1.204505449155356817e-03
1.203449348438793325e-03
1.204656918995322245e-03
1.203356487700899674e-03
1.206269353460158109e-03
1.206069107517365822e-03
1.202126369953802378e-03
1.203124888480395669e-03
1.201974320477069980e-03
1.203299476608249300e-03
1.202841755351285926e-03
1.202512341990654311e-03
1.200764940080545308e-03
1.201724144734698770e-03
1.200445514039170025e-03
1.201435529367585620e-03
1.203089654546727434e-03
1.203036319250436192e-03
1.199462532426905396e-03
1.203035003827009324e-03
1.199952954538640627e-03
1.202337956108281026e-03
1.202135655469913599e-03
1.199677329500690960e-03
1.199699579814761342e-03
1.200902298048227811e-03
1.199212384481306449e-03
1.200234453147834904e-03
1.198834694226963860e-03
1.199122266474453129e-03
1.200576212806459811e-03
1.238038742578097652e-03
1.200598716864105823e-03
1.195413505757495333e-03
1.194121157049904142e-03
1.194085010092476879e-03
1.197061124574922775e-03
1.195670339218926409e-03
1.195907579615717795e-03
1.197614952866796591e-03
1.196589853567863165e-03
1.198384702476828914e-03
1.201279263408062698e-03
1.194189982642112876e-03
1.195612835539588449e-03
1.195533891486611888e-03
1.198044423453794270e-03
1.195624965824421040e-03
1.196157285862764008e-03
1.196443612745148833e-03
1.193986265849695735e-03
1.194197554343441299e-03
1.195217385500513393e-03
1.195501049295274098e-03
1.196187854469837365e-03
1.195432005424336940e-03
1.195626270268558599e-03
1.195155300756269544e-03
1.193554768712443842e-03
1.193680958738717887e-03
1.191982502500459713e-03
1.191770986142891720e-03
1.196287464595143261e-03
1.194552921088451371e-03
1.193576946789761187e-03
1.192391257695463386e-03
1.193642708550285468e-03
1.192688348289707313e-03
1.190246180784581805e-03
1.192483248803931925e-03
1.195390987060796764e-03
1.196283046476833041e-03
1.189397590204900384e-03
1.190969222493631430e-03
1.193293261733519624e-03
1.192584972006748316e-03
1.189333480740283836e-03
1.190894204495101041e-03
1.191752096711278658e-03
1.192655762020375767e-03
1.191142127043316691e-03
1.189757754725075025e-03
1.190124793674568211e-03
1.189047394095206272e-03
1.190102384509351399e-03
1.190423421020770246e-03
1.188969049546282014e-03
1.190146407102719807e-03
1.190832576785560027e-03
1.188106790361340365e-03
1.192196934556443485e-03
1.189050107548141489e-03
1.188309353631279881e-03
1.188370057599184111e-03
1.188191949650589403e-03
1.189442595618938692e-03
1.188024461027485700e-03
1.188713441582669832e-03
1.187335966697972188e-03
1.188043066130359824e-03
1.186064839562468070e-03
1.188384873540179656e-03
1.187147790653921182e-03
1.187380767949511090e-03
1.186745191616156870e-03
1.186534947549093381e-03
1.186904042414082790e-03
1.186213897444268837e-03
1.186977113244363623e-03
1.186256998648705296e-03
1.188493978485191845e-03
1.187259272005113499e-03
1.186912143561141310e-03
1.186628022470266218e-03
1.185160989958157106e-03
1.187915037770220219e-03
1.186859253797440273e-03
1.187626663163237435e-03
1.185970391881579654e-03
1.186583703087536927e-03
1.184111255312388696e-03
1.184780254170945436e-03
1.185222616970600358e-03
1.183872766849239149e-03
1.185098313813621887e-03
1.190609643796966283e-03
1.182212128250268455e-03
1.182683395423290594e-03
1.182328549236014593e-03
1.181393049390356371e-03
1.184090481538459336e-03
1.182527164667203541e-03
1.183661520878455300e-03
1.183689041599954739e-03
1.183537401929553572e-03
1.182675861626651540e-03
1.182857800127302570e-03
1.183002141968648264e-03
1.182066930808589773e-03
1.181282947247033711e-03
1.182958729161523925e-03
1.181222381914441696e-03
1.183719076840123417e-03
1.182640608784207284e-03
1.180003054978878002e-03
1.182134071602709054e-03
1.180527085305225132e-03
1.227849373377128952e-03
1.177088373192881508e-03
1.180254401584033110e-03
1.180312750581512509e-03
1.180195870469770468e-03
1.181607979958358267e-03
1.181008076904519963e-03
1.182758698970481004e-03
1.181064163906984888e-03
1.180001513347235997e-03
1.180111705851852625e-03
1.180210093442004898e-03
1.179453850623420888e-03
1.179034202317790804e-03
1.180685380864804866e-03
1.180135450830604961e-03
1.181793388698673935e-03
1.180500518997662680e-03
1.179796634667168312e-03
1.177046431871939637e-03
1.181115651197179456e-03
1.180283434746206986e-03
1.177920029700097902e-03
1.177993737154885536e-03
1.179441749355281642e-03
1.177870283062949081e-03
1.176132300685990735e-03
1.178113287063817325e-03
1.178556417803765200e-03
1.180033916192725889e-03
1.178591040905542725e-03
1.176043262570666912e-03
1.190738966493326339e-03
1.179343332312750249e-03
1.177712388770253216e-03
1.176269790318008272e-03
1.174876154790783101e-03
1.176986868704479536e-03
1.177610905281920549e-03
1.176391489640670179e-03
1.177421934633588298e-03
1.176930498244648090e-03
1.176737985816996143e-03
1.177786691459369907e-03
1.184957826922753516e-03
1.175558051438779176e-03
1.173710847178663710e-03
1.174160457180651240e-03
1.177417482008939970e-03
1.176355708485279580e-03
1.174964254786829351e-03
1.173106588919585773e-03
1.176280424021139848e-03
1.175547543561788772e-03
1.175285346848223842e-03
1.176938390872346411e-03
1.174773343244126965e-03
1.182204035381245527e-03
1.174961794990332436e-03
1.173533575660214417e-03
1.173008080121564671e-03
1.172660331783431523e-03
1.173921385508108805e-03
1.175464862977812670e-03
1.173387978607258941e-03
1.175739680689447163e-03
1.174779802726018396e-03
1.174473969219113050e-03
1.173328335447833531e-03
1.172411196546567806e-03
1.171452967045008868e-03
1.172788838701166588e-03
1.172860310302104719e-03
1.174431500282322599e-03
1.173157415622538531e-03
1.172188269396167489e-03
1.173618019901461309e-03
1.172487999028163849e-03
1.170958002034468886e-03
1.173499313480789660e-03
1.171629443087804714e-03
1.172967279339655377e-03
1.172292451959794802e-03
1.171895817900215925e-03
1.171639640146342328e-03
1.172928740814172107e-03
1.171975262643641224e-03
1.175919081231517919e-03
1.174663103162589851e-03
1.166700679686165755e-03
1.169419021716531018e-03
1.170343989896738702e-03
1.169945579980678427e-03
1.172026437198363941e-03
1.171728894710512845e-03
1.170839151663114483e-03
1.170809294879966234e-03
1.172097005883460368e-03
1.170949045025665393e-03
1.170217314254754686e-03
1.170926730230054677e-03
1.169247816865399319e-03
1.170382303956751021e-03
1.171208614769982939e-03
1.171201722651809239e-03
1.170471106714451913e-03
1.168540305971073161e-03
1.169333268238599566e-03
1.168220868166173695e-03
1.168287088442733230e-03
1.171598711272723919e-03
1.168072983586998992e-03
1.169587444450600382e-03
1.167848251999110574e-03
1.169016864377319222e-03
1.168206681443021344e-03
1.170672978202026097e-03
1.171087569673545659e-03
1.167754177091236004e-03
1.166929602312777271e-03
1.168309904800164667e-03
1.167689602923841679e-03
1.169659484709016390e-03
1.166165009744654993e-03
1.168626237383201504e-03
1.167775831386742456e-03
1.166618357584700257e-03
1.167060554823642904e-03
1.169173226972015749e-03
1.167750393767551069e-03
1.168200830876001779e-03
1.166515653565369922e-03
1.167114955023862422e-03
1.165101702605976421e-03
1.167042696748129540e-03
1.168748871165377953e-03
1.167205537210670415e-03
1.166870325739623616e-03
1.167127206603700952e-03
1.167138440595119923e-03
1.164905771523892450e-03
1.166464434832077983e-03
1.167472894582339757e-03
1.166603836254634981e-03
1.166225789173389081e-03
1.167164807881278851e-03
1.167172052905181062e-03
1.168523232304786606e-03
1.163456270497007818e-03
1.164729435597741669e-03
1.164970185097396159e-03
1.164739484610147506e-03
1.166956075732066478e-03
1.166487394878780188e-03
1.163736966920983018e-03
1.165605196781584630e-03
1.163933407407237311e-03
1.165231522855845287e-03
1.169517026774300784e-03
1.162479723706802501e-03
1.162889178177972009e-03
1.164452191898850174e-03
1.164469731400698477e-03
1.169356994221438769e-03
1.162818099043058835e-03
1.162403557936850587e-03
1.162687295101148084e-03
1.163875757511649307e-03
1.164315552813207288e-03
1.163621636718918792e-03
1.164137674558316524e-03
1.163533443747461968e-03
1.163588096819884914e-03
1.164493260627701664e-03
1.162343494776039727e-03
1.162821168887211371e-03
1.161973954988420547e-03
1.164171303772997728e-03
1.162767419863414099e-03
1.162523045019848902e-03
1.162104673013035234e-03
1.163797065808053069e-03
1.161912530308594968e-03
1.163450613374609902e-03
1.163897314474884393e-03
1.163599070183888185e-03
1.162527029456230645e-03
1.161492367980522218e-03
1.162101667301874367e-03
1.162331564383982862e-03
1.161960169357877841e-03
1.162198473525813533e-03
1.161005927342503245e-03
1.161846822398870807e-03
1.161290925992290377e-03
1.162251813178965566e-03
1.159407154860499093e-03
1.160991938333696223e-03
1.160451189163810111e-03
1.160449438533553250e-03
1.162704802797911996e-03
1.160940377935376850e-03
1.162342347091755313e-03
1.167931527556003747e-03
1.160013288051073982e-03
1.158506253979609381e-03
1.159587227404786742e-03
1.159965444926429031e-03
1.159291699267979685e-03
1.160120262055445864e-03
1.161323465904622520e-03
1.160989777243579034e-03
1.159476471993748769e-03
1.160002698700785852e-03
1.161176074347821177e-03
1.159216817726330898e-03
1.159514060287881402e-03
1.160764651272646599e-03
1.160359336342104905e-03
1.158354288851702867e-03
1.159728963494797245e-03
1.160740173121350971e-03
1.160093784976393627e-03
1.198197763171297879e-03
1.170724911896182854e-03
1.159660471376717681e-03
1.157900961227492035e-03
1.157253545996158673e-03
1.157084379371668258e-03
1.157288855826342760e-03
1.157143800069778674e-03
1.158594873662017501e-03
1.159177908170577970e-03
1.158042664553908833e-03
1.160199349100595649e-03
1.157343045241634354e-03
1.158807207889503551e-03
1.157806758402183224e-03
1.159919827809127810e-03
1.159380187896013421e-03
1.158845427144223998e-03
1.158154723799123932e-03
1.158975473428033561e-03
1.161430676486538416e-03
1.157778678085476590e-03
1.156839498435147107e-03
1.158422575935911039e-03
1.160220191364377254e-03
1.157454872004754680e-03
1.157211954008319395e-03
1.157457291718131829e-03
1.159628480603126528e-03
1.156782657085795142e-03
1.156851588201173722e-03
1.156881846774029379e-03
1.166588269539378100e-03
1.158291923787032208e-03
1.156622554474610702e-03
1.157179296199332789e-03
1.156077029401001528e-03
1.157879898332276952e-03
1.157274966415374829e-03
1.156732550310528643e-03
1.155697488177896779e-03
1.156999593203982164e-03
1.157393402013576341e-03
1.156414056985923498e-03
1.157717683340679345e-03
1.157443458684943079e-03
1.154444695409933977e-03
1.155935771171488725e-03
1.156514393574206842e-03
1.157217134751552462e-03
1.155980704348774212e-03
1.157909470089588501e-03
1.154245719143529589e-03
1.153217593743326424e-03
1.156339419602756555e-03
1.155798999550138820e-03
1.155179046048409111e-03
1.155132552940666248e-03
1.157292394120173649e-03
1.154278122860391683e-03
1.154645988742073609e-03
1.154447010645787922e-03
1.154961187757055268e-03
1.154257579041578037e-03
1.157224328625908270e-03
1.153399430903394177e-03
1.155062282700537778e-03
1.155732832950104967e-03
1.155732446670822318e-03
1.153983326327657957e-03
1.155161452521486463e-03
1.154799248031926134e-03
1.154410180706854239e-03
1.154153766811122622e-03
1.155299132809734387e-03
1.155367743173017509e-03
1.154210218134291577e-03
1.153861000401269028e-03
1.154049812982689723e-03
1.153158498502721138e-03
1.154304795301084414e-03
1.160392974706193686e-03
1.154222336829874209e-03
1.152184459608756543e-03
1.153326708796255720e-03
1.151878412005709123e-03
1.153894695840234968e-03
1.152513661138813809e-03
1.154581303910413555e-03
1.152965898937852477e-03
1.152873743314318305e-03
1.153624359072844170e-03
1.154633577701128216e-03
1.153004552658736491e-03
1.153187365494222306e-03
1.152485738976155843e-03
1.152301848166159375e-03
1.154081675925983531e-03
1.153592108194660421e-03
1.152826084136338329e-03
1.153108419611364012e-03
1.154242127434584788e-03
1.152494280079022692e-03
1.152542583810996397e-03
1.153037681270106286e-03
1.151955579505106742e-03
1.151040296103738409e-03
1.151703044783998790e-03
1.153436854072500744e-03
1.152435680213495820e-03
1.150977574212164222e-03
1.152849172274749432e-03
1.151958391771646176e-03
1.151991910757747860e-03
1.151534758855360125e-03
1.151872241470828975e-03
1.152417005749397034e-03
1.153067853315705446e-03
1.152975768534728789e-03
1.151056869515262437e-03
1.153328124340344783e-03
1.152847889614916051e-03
1.150585976248038114e-03
1.150806220879214969e-03
1.152576328395352786e-03
1.150694216007623312e-03
1.152083998065704011e-03
1.149897839878211668e-03
1.151825643014190706e-03
1.151337893575173381e-03
1.149942876574510829e-03
1.150562199551338934e-03
1.150635722013814951e-03
1.151628999498220977e-03
1.153218263567112921e-03
1.151362214792341424e-03
1.151926210777510628e-03
1.151163111131325899e-03
1.150330990879841041e-03
1.150727974098248287e-03
1.149765927376627172e-03
1.152055523104541807e-03
1.147894744958566837e-03
1.148784893368298308e-03
1.149165047427449723e-03
1.151431791507360157e-03
1.151598581464258458e-03
1.149351583810489597e-03
1.148355596445774056e-03
1.150033329623963282e-03
1.150646206538031213e-03
1.150501129519986270e-03
1.148492504959691771e-03
1.149321146693476616e-03
1.149552686050712633e-03
1.149822670435198240e-03
1.150652920722007805e-03
1.147752833461338721e-03
1.148139475234840039e-03
1.148795415622929500e-03
1.149854571196044306e-03
1.149308455593515965e-03
1.149586641594271168e-03
1.148351666818701964e-03
1.149937131792072662e-03
1.149054191111514465e-03
1.148349514093757479e-03
1.149424426079850457e-03
1.148983633057158466e-03
1.150119597298611841e-03
1.150121476238420487e-03
1.146637463926834062e-03
1.147531398012955305e-03
1.147956557747556580e-03
1.147333223496084216e-03
1.148773324421417316e-03
1.147342968835289101e-03
1.147277809192933946e-03
1.148821456754485319e-03
1.147557154118674641e-03
1.148174052328166826e-03
1.147562431409943767e-03
1.149176522178999276e-03
1.148952539884039127e-03
1.148068313232433399e-03
1.147476964090632986e-03
1.148384369851904218e-03
1.147679512634382617e-03
1.147741066800112616e-03
1.148850125508817837e-03
1.147854316426848284e-03
1.148793119121577135e-03
1.147980344290761533e-03
1.146778592496167787e-03
1.146924938754914636e-03
1.151612578489689519e-03
1.145299189287645033e-03
1.146812354246556009e-03
1.145656934007305196e-03
1.147586869216708078e-03
1.145436973443455511e-03
1.148231834410912752e-03
1.145421419363095231e-03
1.150495086815403467e-03
1.147129314653240733e-03
1.146608080037362070e-03
1.145859464165102128e-03
1.147829393701471764e-03
1.146842353411916616e-03
1.146960427826354025e-03
1.148577008715657771e-03
1.146647817658087492e-03
1.146863927192634655e-03
1.146368517259464901e-03
1.147105902190108254e-03
1.146531235381352976e-03
1.145180391634306998e-03
1.146239167550567456e-03
1.146195343020093259e-03
1.145620282438254613e-03
1.145855451583399458e-03
1.145749713010489352e-03
1.145656602885880863e-03
1.146767935353124957e-03
1.145890208092255986e-03
1.144830460247477826e-03
1.145023952620271299e-03
1.145749763724349547e-03
1.143516483908368474e-03
1.145571523414322477e-03
1.145954011792378298e-03
1.146203443121505136e-03
1.144034168771872499e-03
1.147484503725465467e-03
1.145618696628043602e-03
1.142712216371179592e-03
1.145259453932486902e-03
1.143812330444566368e-03
1.145394705793636309e-03
1.145048809818460626e-03
1.145081537250083664e-03
1.143852666088011893e-03
1.146112946416307215e-03
1.146008468021828333e-03
1.144713651152567523e-03
1.144622795616310118e-03
1.144849930971464933e-03
1.145424174903306386e-03
1.145339485196519456e-03
1.144379317850393197e-03
1.145543689783076963e-03
1.146525097043674547e-03
1.144783691698992049e-03
1.143313999061924520e-03
1.142466834744209920e-03
1.143338108012832005e-03
1.145986663327485484e-03
1.144408269887818011e-03
1.143715035380840194e-03
1.142460225996265845e-03
1.145758178478251902e-03
1.143374609270183303e-03
1.143817782968779102e-03
1.143382225672904054e-03
1.143284174432409109e-03
1.142724691457979542e-03
1.144357572322220575e-03
1.141938101099441646e-03
1.144395920627159233e-03
1.142994976117314623e-03
1.144730590366128216e-03
1.142090360315455326e-03
1.143088850958139027e-03
1.142577130506428670e-03
1.142922408940147795e-03
1.144312500596760202e-03
1.143106366061566546e-03
1.142187493913918465e-03
1.143814182546112499e-03
1.142475778072470170e-03
1.142778649785371886e-03
1.142124388792864443e-03
1.143780394828833747e-03
1.142482994515365245e-03
1.143247919860518932e-03
1.141690140297987746e-03
1.143777674927744237e-03
1.144157288474739135e-03
1.142884090087588475e-03
1.141632297219189861e-03
1.143494268972008402e-03
1.148816388853948376e-03
1.141934949956265391e-03
1.139612273019627005e-03
1.141171993215116557e-03
1.141168052085931835e-03
1.142777404507404554e-03
1.141278383225860678e-03
1.141286065940003494e-03
1.140844054041921128e-03
1.142258265803004769e-03
1.143315278671955086e-03
1.142169791988297814e-03
1.141147600806842336e-03
1.144560456082843779e-03
1.141267234280365353e-03
1.142539422572897171e-03
1.141461464008288471e-03
1.143757042926067018e-03
1.141221460403210987e-03
1.141201652022508142e-03
1.141979966175318568e-03
1.141700176588360087e-03
1.142181701641697142e-03
1.140310708398534776e-03
1.141109494917641335e-03
1.140566860359792283e-03
1.142032895760727819e-03
1.142288981149151492e-03
1.141258536417645141e-03
1.140549350571735086e-03
1.140260391971124323e-03
1.140231068206332089e-03
1.140886605584793276e-03
1.148956461407350067e-03
1.139714138604655969e-03
1.139299288771288216e-03
1.139050684810036110e-03
1.140746140216817315e-03
1.138752080555196665e-03
1.140405240253974852e-03
1.140346135951099101e-03
1.140661023711941760e-03
1.140339999138321753e-03
1.141314557282962442e-03
1.140267460280750510e-03
1.140787253908472900e-03
1.141166111801522349e-03
1.140999879871361280e-03
1.140742180963091445e-03
1.138159839128294760e-03
1.141104845798568759e-03
1.140668633753645763e-03
1.140884514291586743e-03
1.140514415431583689e-03
1.140357237232536613e-03
1.140387497722411114e-03
1.138873578068064218e-03
1.139973142828435348e-03
1.140367695528450576e-03
1.140047652991265596e-03
1.139676491144353109e-03
1.141959234401527818e-03
1.138774008984387402e-03
1.139617869755933611e-03
1.139333132256385717e-03
1.140773685946698188e-03
1.139149756253066787e-03
1.138367623224586676e-03
1.140628236242776294e-03
1.138161191410764356e-03
1.140231953869004847e-03
1.138633540305197507e-03
1.142442339078333577e-03
1.140351479292378740e-03
1.137921032091479935e-03
1.139937806159988529e-03
1.140980210125970432e-03
1.143623038521315340e-03
1.136919508115137546e-03
1.139127636819096349e-03
1.137828415424931017e-03
1.141318216523250391e-03
1.137909581215528062e-03
1.138878679690704179e-03
1.138144049254625340e-03
1.139309363837721911e-03
1.137319094122214496e-03
1.137099760859189811e-03
1.137538583883680992e-03
1.137816955660982902e-03
1.140891628173977459e-03
1.137233697645461013e-03
1.137692029385766216e-03
1.141611839143397622e-03
1.138069526544036036e-03
1.136562932951202870e-03
1.137166453942288491e-03
1.137462450964459894e-03
1.137352743988416124e-03
1.137325837584295986e-03
1.137974395010268999e-03
1.139074956010441503e-03
1.137433519491418393e-03
1.137825819084415171e-03
1.138234202726325865e-03
1.137409967521601497e-03
1.138025892756929554e-03
1.138456101657566192e-03
1.137575382017530501e-03
1.137481701318425508e-03
1.137798157200624457e-03
1.136868122601212465e-03
1.137928407995482090e-03
1.137962774913841603e-03
1.137078314647357348e-03
1.137927883516573219e-03
1.137995889844668372e-03
1.136010618145650132e-03
1.139070056981830985e-03
1.137621262289226698e-03
1.138566374154147912e-03
1.139730504803878209e-03
1.136075700932979906e-03
1.136738248849092359e-03
1.137882111992123690e-03
1.137361270539367746e-03
1.137799554881583925e-03
1.136777341741549829e-03
1.138602473011831586e-03
1.136307840055680212e-03
1.136053681445397222e-03
1.137763509090465716e-03
1.139496388799137241e-03
1.137409191564684721e-03
1.137401801980139539e-03
1.136914436032014034e-03
1.136829238576663858e-03
1.137108032882330711e-03
1.136427240611422029e-03
1.135897670362233901e-03
1.138072978223473317e-03
1.135421684883189180e-03
1.136465492281187300e-03
1.137072850359620432e-03
1.137928887511586865e-03
1.134877730719326908e-03
1.138432402600127050e-03
1.136081336271073643e-03
1.135749947422596672e-03
1.136902064115679093e-03
1.136189667437599235e-03
1.136372248052401829e-03
1.135723823423547604e-03
1.137539718584519924e-03
1.135209141787794050e-03
1.137124954232762025e-03
1.137894721618786615e-03
1.135344108884518309e-03
1.136506531644796564e-03
1.137795416212328313e-03
1.136417951871233770e-03
1.136639678706470851e-03
1.134814985562115908e-03
1.135681348997112389e-03
1.135953312616343495e-03
1.135298288476090101e-03
1.135923626535003186e-03
1.136244031214462017e-03
1.136210897287721899e-03
1.136592120433387943e-03
1.135035633464332588e-03
1.135581042035482824e-03
1.134709448886137484e-03
1.136699492044880664e-03
1.135893608460866342e-03
1.135906635649072769e-03
1.136829780744427667e-03
1.135759294893269166e-03
1.136022838791776474e-03
1.136306517051315296e-03
1.134351232231310160e-03
1.135968060764584557e-03
1.135079786327840507e-03
1.134670533317916471e-03
1.137204703607897589e-03
1.135451275113590758e-03
1.134999798545279198e-03
1.142495771968307736e-03
1.134570461626772508e-03
1.132920126393744146e-03
1.135597113100951256e-03
1.134635783867174452e-03
1.134408753163817065e-03
1.135137807950795715e-03
1.135203933770612258e-03
1.135919901418979165e-03
1.134246739807739371e-03
1.134681966243601854e-03
1.135281805512997153e-03
1.134639083840716925e-03
1.134217786463256362e-03
1.135557459567639949e-03
1.135156245314527385e-03
1.135003037522769927e-03
1.133846739550333068e-03
1.133362493550259861e-03
1.133851573313168163e-03
1.133647182775789509e-03
1.133879927240735979e-03
1.135093725407021990e-03
1.133481458855603238e-03
1.134686417735466211e-03
1.133549824276169427e-03
1.134407068452864724e-03
1.133372238889464746e-03
1.135256581118575638e-03
1.134122746772116145e-03
1.132976686028473561e-03
1.133511194692294428e-03
1.134390201476056853e-03
1.133954324038046781e-03
1.132864394388301017e-03
1.134605640054033547e-03
1.136271468632781998e-03
1.132687433514030289e-03
1.133007744085294576e-03
1.134350694768956240e-03
1.133472890740199216e-03
1.133968526881584107e-03
1.133311087733363236e-03
1.131834168806895077e-03
1.132702207193475672e-03
1.134979498536398514e-03
1.133904665932310195e-03
1.132756126744806444e-03
1.134247434639907301e-03
1.132673935436303561e-03
1.134758167478400973e-03
1.134112881444963514e-03
1.132950877466149843e-03
1.132961819896440925e-03
1.133448143944863632e-03
1.135988368441540400e-03
1.132177093577247783e-03
1.135777331338665630e-03
1.131372354366303509e-03
1.134025550957679963e-03
1.134131714324522738e-03
1.133335301771754358e-03
1.132838348638472636e-03
1.132845765322692102e-03
1.132630196735987882e-03
1.135125979422145449e-03
1.133366465874568324e-03
1.134079670750335342e-03
1.134235835020725889e-03
1.130673988958580834e-03
1.132538822689721026e-03
1.133343345495387055e-03
1.133396210424981315e-03
1.132430047341232088e-03
1.133872648320456309e-03
1.131946963403083865e-03
1.132852390626707577e-03
1.131283654256244305e-03
1.132565188886664647e-03
1.131679888443134618e-03
1.133228833337515109e-03
1.131998119658991211e-03
1.132324913849156378e-03
1.132096073131528798e-03
1.133138646753672216e-03
1.131769777627656196e-03
1.133033671851331166e-03
1.132446113875565288e-03
1.131031940106308128e-03
1.132810043333471947e-03
1.131390188043396089e-03
1.131718184988566439e-03
1.131728253258297394e-03
1.132857565618884113e-03
1.131555153695520738e-03
1.131925577228794048e-03
1.130973422934000066e-03
1.131660380685830126e-03
1.131195067511704113e-03
1.131420054585912782e-03
1.132021895048632414e-03
1.132395181910854235e-03
1.135474940274652442e-03
1.132397772674588205e-03
1.131813557021052073e-03
1.132118744144082392e-03
1.131656129522427487e-03
1.131956792829703299e-03
1.132062333949679844e-03
1.132238815743532006e-03
1.131226264116700015e-03
1.131215007382467335e-03
1.130982145369415284e-03
1.131249837086586215e-03
1.131865176149855897e-03
1.129913722404730621e-03
1.131564792204497582e-03
1.130401585034992518e-03
1.131960566219745567e-03
1.130510181447206587e-03
1.132419657970856796e-03
1.131438310704232977e-03
1.131730934557599773e-03
1.131740322895626906e-03
1.130851357809301494e-03
1.130789390177477233e-03
1.135760063617796993e-03
1.129736966128645076e-03
1.130018865394763006e-03
1.129188399966164942e-03
1.129260196937471091e-03
1.129588132973726811e-03
1.142780088595097979e-03
1.133209464215522832e-03
1.130195547168527789e-03
1.130745261450978546e-03
1.130121571766798177e-03
1.130057524866703335e-03
1.131304374789333976e-03
1.131065386768519664e-03
1.130417756482534914e-03
1.130638362384613202e-03
1.131887355011408332e-03
1.129479854525217587e-03
1.129614887149129037e-03
1.131543562790061127e-03
1.131120712627394593e-03
1.130927069594352954e-03
1.130212240132313570e-03
1.128258062739198424e-03
1.132086575959117668e-03
1.131476286846118222e-03
1.129746512097897773e-03
1.129811890106118466e-03
1.130862611232319806e-03
1.130691173899093334e-03
1.130011205859119891e-03
1.130255165319571983e-03
1.129949243281254184e-03
1.129528647184115412e-03
1.130165532231330872e-03
1.130126523339150622e-03
1.129609157964252524e-03
1.129532728604219424e-03
1.130059250880696307e-03
1.130099727947844876e-03
1.129568666606600496e-03
1.129658153914277555e-03
1.127912870048500705e-03
1.129601805325887616e-03
1.130937929592836996e-03
1.128082776990786034e-03
1.129556214088339814e-03
1.130179374849613408e-03
1.129092271495498985e-03
1.129644410196736348e-03
1.130305515817634334e-03
1.129946291159481453e-03
1.129512698546436674e-03
1.128618523438773514e-03
1.129018452853622519e-03
1.135449095986069750e-03
1.131656889271821960e-03
1.129757150506439023e-03
1.135027589479288340e-03
1.129970565583964101e-03
1.127884335311207841e-03
1.128832508306560007e-03
1.128351912745915835e-03
1.129579072358772749e-03
1.129283587703436720e-03
1.128572972720031688e-03
1.128994060358210968e-03
1.129453885717551700e-03
1.130250698230145755e-03
1.128478360611214750e-03
1.129257184081058386e-03
1.128227874660351401e-03
1.127357193576255558e-03
1.129565705248282859e-03
1.128262686414203573e-03
1.127765134386829763e-03
1.129185707687573254e-03
1.128255183812688044e-03
1.129481883602451078e-03
1.130302766638439926e-03
1.128503780541551199e-03
1.127463461856307528e-03
1.129232059633024626e-03
1.127550817526246736e-03
1.128309500361179222e-03
1.127552857321357984e-03
1.127960452632867068e-03
1.128515643227990476e-03
1.129422053882244304e-03
1.127744404617195186e-03
1.127894663511256734e-03
1.129613007947908405e-03
1.129134084289045749e-03
1.127570258449305841e-03
1.127703545540487649e-03
1.127519126330407510e-03
1.128036918067708023e-03
1.128899018837189235e-03
1.127377370547386114e-03
1.128406314776016868e-03
1.128402719058759938e-03
1.129794591887223849e-03
1.128528210331691470e-03
1.128013275649459831e-03
1.127047387309355756e-03
1.128808604476661025e-03
1.129069082365053486e-03
1.127527143128640146e-03
1.131513021108387614e-03
1.126707835969219642e-03
1.127356764425462314e-03
1.125967854175237122e-03
1.127192870561106010e-03
1.167329488943252792e-03
1.131329814325543991e-03
1.126844994915498620e-03
1.125474869357951735e-03
1.125628352764726113e-03
1.125716912322454692e-03
1.126233104830412501e-03
1.125631111006191202e-03
1.125810288651260755e-03
1.126197299712287329e-03
1.127383194711828939e-03
1.127867426682810240e-03
1.127699004123015316e-03
1.128277469504468519e-03
1.127081274624473382e-03
1.127768767747364511e-03
1.127862336736557133e-03
1.127308542515335216e-03
1.128498219618640679e-03
1.126532379606136423e-03
1.126951597541051963e-03
1.127534357131693057e-03
1.128691548609152490e-03
1.125648237739042788e-03
1.126924221641607046e-03
1.127768600269633392e-03
1.136006854950662301e-03
1.127052040785288907e-03
1.126258691105696099e-03
1.125209450092261483e-03
1.127004060768076145e-03
1.127067274287828170e-03
1.127445894034863859e-03
1.126577870025924051e-03
1.126166887777930005e-03
1.126686295997741732e-03
1.127184533097915029e-03
1.126700187587140276e-03
1.127397034803132199e-03
1.127207970482291613e-03
1.126320881285972466e-03
1.126516522288261183e-03
1.127098689955787370e-03
1.127315937589524943e-03
1.126898404017012646e-03
1.127383781668122188e-03
1.126508519606257567e-03
1.126399704566766408e-03
1.126889649427964372e-03
1.126790303067014103e-03
1.127491971933768057e-03
1.125741366249603977e-03
1.126177995507521810e-03
1.127294049896983069e-03
1.127077213855889794e-03
1.126499832025729120e-03
1.126390508627714282e-03
1.125710686455441787e-03
1.126444498585916359e-03
1.127722857500465439e-03
1.130666882918539718e-03
1.127103158090860240e-03
1.126111481752815544e-03
1.126823142034274854e-03
1.126824055755131643e-03
1.126449970716002658e-03
1.125518917133975800e-03
1.125196541759219048e-03
1.126887174992414900e-03
1.126551285768095110e-03
1.125983829651178592e-03
1.126106064170626911e-03
1.127365904596695475e-03
1.125147137919881414e-03
1.125681981800575856e-03
1.126267414151071967e-03
1.125529943041720998e-03
1.126801995138782767e-03
1.126500341952722545e-03
1.125137382211347653e-03
1.125097870711700039e-03
1.125802370666632119e-03
1.125004033601290782e-03
1.127418624529960773e-03
1.124866488375728937e-03
1.125702571802114464e-03
1.125396134172884036e-03
1.125241945651750180e-03
1.125571530062738834e-03
1.125273962740780745e-03
1.126286367628539370e-03
1.124589304714380088e-03
1.124583463471042757e-03
1.125069198994702035e-03
1.126210492548343142e-03
1.125401111799264340e-03
1.125239161617669218e-03
1.125189043688838752e-03
1.125918806465705038e-03
1.126616689133245900e-03
1.126285327210169206e-03
1.124914542111027154e-03
1.126591913059805635e-03
1.124351861462147707e-03
1.126515077291792566e-03
1.125749353508319946e-03
1.125190404685030149e-03
1.124127931013831506e-03
1.125379034975392944e-03
1.124199898338397148e-03
1.123949493163733764e-03
1.125099009943674204e-03
1.124677201942122454e-03
1.124732216982544594e-03
1.125046511861763467e-03
1.126773454040472938e-03
1.128054080875367463e-03
1.124811692746818977e-03
1.123060772584438859e-03
1.122941939117704738e-03
1.125106492590767070e-03
1.124324663496899680e-03
1.124067625175871436e-03
1.124251026100434470e-03
1.124808705508747921e-03
1.124982110138921269e-03
1.125692368643971871e-03
1.124365311614405069e-03
1.129085044421863481e-03
1.124145214942222663e-03
1.122576500878886890e-03
1.122715616927058308e-03
1.123834542269974571e-03
1.124015881179435969e-03
1.124967729796873045e-03
1.125400668445104531e-03
1.124201958436479940e-03
1.123853107551140698e-03
1.124290443056201764e-03
1.123958551513120317e-03
1.124532094164639980e-03
1.123605565966837591e-03
1.124132256331005809e-03
1.125477879600248051e-03
1.124692006468142698e-03
1.123890331873118181e-03
1.123994977483916196e-03
1.124211148624475751e-03
1.124405294874945187e-03
1.122422698811310123e-03
1.125014555158824212e-03
1.123800630469299049e-03
1.124189752429405938e-03
1.124091778218210816e-03
1.122312319048814153e-03
1.125573428782695702e-03
1.124600138833110495e-03
1.124869939445205568e-03
1.123841608749719242e-03
1.123616698007712852e-03
1.124989204589712426e-03
1.124078291119773396e-03
1.125280218670133420e-03
1.122759490951471834e-03
1.123827600222175767e-03
1.123625778489952464e-03
1.124295099320525961e-03
1.123924021822439358e-03
1.123925069647473129e-03
1.123085149220876986e-03
1.124899344857570186e-03
1.122877131945392319e-03
1.122942637435361260e-03
1.123561207285223408e-03
1.123264683954261619e-03
1.124994324859716855e-03
1.124510708338898827e-03
1.122974282884161732e-03
1.123816008271069514e-03
1.123469105686763798e-03
1.123162991075196552e-03
1.124014746042911045e-03
1.121847598930586585e-03
1.125578546177171974e-03
1.123638554635836978e-03
1.123014671332760520e-03
1.124603352845788672e-03
1.123573831028115352e-03
1.125567805469537917e-03
1.122721340012329408e-03
1.122819058824341826e-03
1.122909516317792183e-03
1.122027222282520999e-03
1.122837027476983373e-03
1.123153964269482403e-03
1.122957430372131761e-03
1.123594196999869437e-03
1.123241993335834027e-03
1.122643714258307873e-03
1.122412692496140441e-03
1.123987180620019278e-03
1.122281617731759338e-03
1.122634195563004117e-03
1.122844628456416693e-03
1.123177042909936831e-03
1.121935781358440092e-03
1.121762069221028321e-03
1.124116000011814208e-03
1.123486910782849242e-03
1.124938095300765132e-03
1.148185962068703266e-03
1.123944300047016081e-03
1.121843219936886600e-03
1.120985508878983130e-03
1.121594244596816172e-03
1.121878503103082396e-03
1.123065538205970373e-03
1.123652382310086741e-03
1.122291849209497514e-03
1.122641017187169183e-03
1.122732393455435100e-03
1.122931577979787701e-03
1.123375710797730378e-03
1.123274909855217921e-03
1.122400813776453085e-03
1.122301428465167020e-03
1.122654503937057721e-03
1.122279463176933337e-03
1.123383125390656776e-03
1.122053271169289089e-03
1.121115840275766287e-03
1.122318630136025360e-03
1.123331251472630679e-03
1.124160088393781360e-03
1.121595043819369761e-03
1.121217044227907234e-03
1.121548257059205725e-03
1.120890814076947383e-03
1.122688703639098100e-03
1.122222679860968063e-03
1.122093726626407703e-03
1.121827531490937786e-03
1.123371723224408925e-03
1.121907006863094840e-03
1.121355926661200125e-03
1.122264199350642751e-03
1.122581337081563933e-03
1.121951423708801273e-03
1.120832841947931287e-03
1.121324884637626973e-03
1.121529549047278361e-03
1.122403201597608948e-03
1.121877246061590882e-03
1.122187459085019533e-03
1.122141561211605510e-03
1.121820357745279082e-03
1.121301225227621604e-03
1.121729282274686176e-03
1.122392333495363754e-03
1.121439820892333608e-03
