1.176219152877787666e+00
8.920588826169510988e-01
6.936008909683741841e-01
5.410468323814298097e-01
4.036205903833319231e-01
3.232405784088159262e-01
2.686186443657396783e-01
2.288369100295498115e-01
2.034610035957511998e-01
1.871483871813662825e-01
1.767017778823386509e-01
1.681143364361570858e-01
1.617993803717151235e-01
1.548809385997895749e-01
1.488834793238850429e-01
1.433788326172950045e-01
1.358164174950675929e-01
1.280293206399875372e-01
1.203599394895805558e-01
1.095951798645233011e-01
1.023784690051378621e-01
9.552942039612345726e-02
8.873254082494688721e-02
8.338282205454425333e-02
7.812171190988249914e-02
7.442640617746346110e-02
7.062880816161186404e-02
6.730524328687859104e-02
6.494854797726262730e-02
6.279511783762785349e-02
5.993518185617770222e-02
5.802558136903151337e-02
5.628848711062155868e-02
5.537966214689219596e-02
5.326205172748890715e-02
5.166882653804328457e-02
4.924212116469255801e-02
4.781095318713721870e-02
4.659254976107688601e-02
4.486838221259994985e-02
4.386760737791568082e-02
4.191273173685380882e-02
4.025281629034368341e-02
3.957844568656277567e-02
3.773176957836408413e-02
3.682537747457802213e-02
3.547373017251580912e-02
3.455367720195142572e-02
3.356483165302988347e-02
3.249887357923218756e-02
3.151328063954760700e-02
3.121369236293890237e-02
2.961543534079310105e-02
2.876253161317261775e-02
2.814586124310414911e-02
2.819684475052454745e-02
2.707691186018466520e-02
2.637504244050356897e-02
2.556722435241420149e-02
2.515658373877539822e-02
2.520307257609765220e-02
2.428801009615515205e-02
2.388766621836199006e-02
2.298943314305367316e-02
2.272432467838872081e-02
2.220962698917144582e-02
2.196506306551352164e-02
2.156666656091675571e-02
2.116546011251023776e-02
2.050148903860704933e-02
2.003279894807872413e-02
2.026725720759191274e-02
1.950986807173240786e-02
1.932396877537520541e-02
1.871167093342515977e-02
1.848691368118642389e-02
1.847546802301093527e-02
1.804620400001434241e-02
1.750811225383313782e-02
1.738326827936922947e-02
1.722662249011193761e-02
1.674411358788587337e-02
1.604296987204293853e-02
1.663934051137261338e-02
1.576497440134359135e-02
1.557172793117045026e-02
1.602799683379868209e-02
1.568064658587497301e-02
1.529369524242300653e-02
1.481014346176881026e-02
1.458486739314624088e-02
1.448888169437044515e-02
1.463065727775592940e-02
1.455346552911632868e-02
1.406135857467745963e-02
1.371545989267126606e-02
1.387920231533286940e-02
1.415460523912225911e-02
1.323583240559447240e-02
1.340579730319138053e-02
1.342378212013532919e-02
1.334040465312981948e-02
1.295131969915334913e-02
1.313835182812756429e-02
1.277643919387040465e-02
1.275199719824588428e-02
1.247956259747755141e-02
1.241288348700583452e-02
1.258537350473423570e-02
1.228416645983066748e-02
1.217505740403325952e-02
1.199083022974030063e-02
1.222016053653495089e-02
1.195870920971125149e-02
1.164211513973705675e-02
1.171855099532686378e-02
1.164615279883369353e-02
1.170315622550039368e-02
1.164144405420356604e-02
1.145254681793091665e-02
1.140216000525916609e-02
1.140488297985253231e-02
1.113043456201714791e-02
1.150360559866189271e-02
1.108235477129677730e-02
1.093491861836505194e-02
1.108183909533824209e-02
1.093356734389874275e-02
1.097035751480073852e-02
1.084678286399335355e-02
1.081728173383584082e-02
1.069853042982920124e-02
1.071592526577279207e-02
1.078009019148519314e-02
1.055994350044893275e-02
1.060893823264423205e-02
1.058946656199830257e-02
1.059137868784189654e-02
1.057948073243978812e-02
1.026798980617282288e-02
1.030733951431570851e-02
1.025820752845597525e-02
1.013232584663493856e-02
1.024519652232784225e-02
1.023875824231542872e-02
1.012390872260031383e-02
1.010073581849877354e-02
1.006792828825464094e-02
1.005422774337031387e-02
1.011584914487390595e-02
9.989171316094339753e-03
9.916054063287011583e-03
9.869210438769378257e-03
9.672486114533182522e-03
9.821554463256351383e-03
9.803302392285473052e-03
9.890453598579157166e-03
9.914558292310795759e-03
9.816347517513720686e-03
9.615486194268092410e-03
9.687964824686373308e-03
9.609429613954783775e-03
9.713574692545580772e-03
9.625559762638888350e-03
9.624971971919615496e-03
9.618424703813197377e-03
9.454412400460394592e-03
9.548397621831404211e-03
9.533325246462743055e-03
9.433328995235754424e-03
9.591402585651657986e-03
9.377379014301755883e-03
9.394839821483738987e-03
9.364592606441570280e-03
9.417959790074540566e-03
9.326140950489678408e-03
9.398624670418525770e-03
9.360462602807911175e-03
9.284375748502280215e-03
9.261954632241969909e-03
9.182408419967501290e-03
9.271476635971514016e-03
9.192490177145394917e-03
9.139834891329938135e-03
9.071121873434432117e-03
9.150303081152012449e-03
9.051006601727428630e-03
9.211393423841340508e-03
9.063476576709640978e-03
9.067914726820490781e-03
9.087059098926044201e-03
9.116560366411809863e-03
8.960692191072655230e-03
9.030927622322729165e-03
9.001355139332305189e-03
8.997380232276717960e-03
9.013534938319849033e-03
8.866793890469735692e-03
8.830534515924706729e-03
8.919082382278417306e-03
8.838338057320944269e-03
8.887502011385729414e-03
8.806279250476398493e-03
8.802201037718998880e-03
8.828434708366493522e-03
8.913352277581608127e-03
8.789333574819618855e-03
8.710919644803499784e-03
8.854190996028259500e-03
8.833589040657539165e-03
8.720386111105005514e-03
8.745168680799176794e-03
8.757184049069971499e-03
8.793785892744843471e-03
8.658303439332741200e-03
8.583326678315992414e-03
8.641621537093899241e-03
8.665026871007895301e-03
8.807419415167393878e-03
8.535414303284874493e-03
8.568810580666372245e-03
8.714923700652348060e-03
8.481966556066613400e-03
8.677450006599064791e-03
8.623573595858708557e-03
8.553660438119985859e-03
8.594950216314839811e-03
8.601472939609991139e-03
8.459562965540472559e-03
8.656910173790138829e-03
8.614246569668684503e-03
8.369234242772092061e-03
8.514873289243836407e-03
8.481838571013670600e-03
8.549372101632020035e-03
8.465131430351314351e-03
8.418813110106140168e-03
8.452238910622382126e-03
8.393818117304521070e-03
8.376548335466443840e-03
8.398192863587937776e-03
8.435687888831925468e-03
8.442284797268087906e-03
8.311787993134093361e-03
8.513629177172563067e-03
8.346753148222621835e-03
8.347093038439393903e-03
8.389851632235226231e-03
8.285025392957365981e-03
8.331493969482486189e-03
8.353893195479706463e-03
8.257179541240061357e-03
8.284917529282009863e-03
8.311996007098363878e-03
8.315234068951229615e-03
8.303615227299826831e-03
8.258250035543529891e-03
8.205411078068176184e-03
8.344338831776184143e-03
8.247159024446778369e-03
8.211258706123662071e-03
8.227844114351214044e-03
8.198552250842603209e-03
8.208543687506751618e-03
8.263901670039546996e-03
8.325637127886231434e-03
8.114168323188864287e-03
8.248047289385565528e-03
8.190115370361055608e-03
8.123178984816492240e-03
8.110424980150346061e-03
8.087670907007340690e-03
8.163888955106791620e-03
8.081398975078998501e-03
8.149427459728597958e-03
8.137069603506319818e-03
8.015634289184239702e-03
8.205788050050439805e-03
8.036527882712128992e-03
8.092300122893766531e-03
8.031776428297943138e-03
8.071285635539647910e-03
8.098332919626536133e-03
8.072140661464211747e-03
8.028058320894548155e-03
8.102888202372782525e-03
8.051347290723400579e-03
8.060419912837601605e-03
8.058685503347949586e-03
8.011426977760263690e-03
8.084363307564066889e-03
8.017286373871172073e-03
7.937895413627568328e-03
8.017757863592645667e-03
8.019128950970793798e-03
8.010571364182310361e-03
7.967984812364851607e-03
7.892940425896782450e-03
8.074086804283103075e-03
7.884881549799245895e-03
7.928184901425492856e-03
7.939420441795743202e-03
7.921718590416036709e-03
7.938632089435541592e-03
7.913403427033144366e-03
7.883025609684584170e-03
7.934565297927438990e-03
7.889075594407667785e-03
7.925104466964026997e-03
7.886446147326179115e-03
7.910473008701455686e-03
7.801131420618224489e-03
7.876250233423120681e-03
7.846076288929733009e-03
7.857946394580209853e-03
7.876155388745071859e-03
7.875854411220992862e-03
7.823726099924167496e-03
7.792711633670249861e-03
7.860489417924294148e-03
7.829754167197350984e-03
7.862327752138549911e-03
7.846915270452817573e-03
7.733365035654899029e-03
7.895285374844658935e-03
7.838553312641684950e-03
7.760005789769891353e-03
7.819285156891240054e-03
7.946166600948366757e-03
7.734045410364263559e-03
7.751497057333454378e-03
7.808908478922941057e-03
7.766872897470916345e-03
7.799553839994516520e-03
7.823329618267581623e-03
7.816551617084594936e-03
7.808319101957771416e-03
7.757836108968710516e-03
7.731680784090059697e-03
7.754367779003467492e-03
7.698054698680689006e-03
7.723981868001649279e-03
7.706925205671657543e-03
7.717889146656243919e-03
7.738186466133969293e-03
7.775508506226347719e-03
7.736712249071187042e-03
7.798342366387766254e-03
7.722957421534744522e-03
7.679893622665616253e-03
7.716221915081165894e-03
7.697265318101327407e-03
7.695117292641299664e-03
7.667074959396111451e-03
7.677767325393453773e-03
7.681168011434287048e-03
7.687248814151159508e-03
7.743995007222328683e-03
7.663737437381090874e-03
7.687821857070739964e-03
7.707303234105539191e-03
7.629798827023652821e-03
7.638822845740991102e-03
7.650614989026377315e-03
7.620575956994678907e-03
7.693995462317844945e-03
7.615092274953170863e-03
7.678487857812067371e-03
7.648276025011109362e-03
7.634874952965399128e-03
7.636845855301659103e-03
7.595188597852955623e-03
7.658802060003275063e-03
7.637565683651559648e-03
7.582999383863395920e-03
7.627821945331567273e-03
7.594544959845701999e-03
7.606811343948775492e-03
7.683917711709185687e-03
7.550270725696899693e-03
7.664858491834765711e-03
7.556932141466210853e-03
7.509111508679671039e-03
7.685821590189470878e-03
7.591165231002639305e-03
7.563150742280849020e-03
7.547307938328961033e-03
7.607521982459228456e-03
7.556961051154948393e-03
7.574852256935290726e-03
7.573294443563518760e-03
7.585112106202805855e-03
7.508655607109208756e-03
7.571786379617287746e-03
7.471427594347784633e-03
7.522439188184495452e-03
7.614496544639240069e-03
7.507312944936873032e-03
7.541617136699576597e-03
7.577305663485793541e-03
7.491217367769313802e-03
7.526992770012267200e-03
7.523574608428303286e-03
7.493655305721066626e-03
7.503985925396335424e-03
7.526870496978169296e-03
7.472596632826984143e-03
7.542523926313587229e-03
7.488103082590362794e-03
7.550171726664896277e-03
7.503692517656565357e-03
7.464056397498234144e-03
7.456301947118725709e-03
7.519639742318094851e-03
7.485492391620544861e-03
7.482859648312413861e-03
7.494863959916025185e-03
7.468725724039811456e-03
7.474661170028172597e-03
7.461923133082754532e-03
7.478546296820758055e-03
7.407560806531838377e-03
7.457130117701578700e-03
7.479679996627354790e-03
7.459484365933246111e-03
7.442526304243902296e-03
7.412247507537375255e-03
7.457417035461431573e-03
7.424444311527078101e-03
7.454459768410459479e-03
7.423019308518774215e-03
7.450363885271112270e-03
7.439426151675891316e-03
7.425857481649870279e-03
7.368730021080191830e-03
7.430475612288107122e-03
7.372561658169338172e-03
7.438709659635753084e-03
7.402710249566634565e-03
7.422208103552058872e-03
7.431340549548273895e-03
7.446608197677345373e-03
7.400245453833329164e-03
7.406744229032875826e-03
7.423957752295306904e-03
7.435866434288818626e-03
7.390098228373056903e-03
7.388178420163869428e-03
7.339109803276682928e-03
7.423766130584286485e-03
7.368382412945840426e-03
7.438088262531750497e-03
7.401452657367899902e-03
7.358641455348715298e-03
7.367588598476332296e-03
7.409411324271765117e-03
7.405454319034574483e-03
7.398300593674272084e-03
7.352740960098066991e-03
7.357189321993643644e-03
7.386348213063564233e-03
7.356722432071576868e-03
7.345558695207924510e-03
7.332882100108364075e-03
7.383729577619404030e-03
7.366043575105262961e-03
7.397517543439446376e-03
7.362341766544020644e-03
7.316174354365173431e-03
7.359157077979273931e-03
7.351076313012842867e-03
7.393827721473766532e-03
7.335530307832659365e-03
7.340525567300149219e-03
7.305374662503376706e-03
7.306910801015259124e-03
7.368712122747284043e-03
7.341090140830792109e-03
7.337342069029785530e-03
7.303500220717717636e-03
7.316511189202571513e-03
7.299467872460177476e-03
7.383328723068722718e-03
7.302241860665826916e-03
7.313306748722038682e-03
7.333066526028009409e-03
7.328216068747782017e-03
7.313099786678251175e-03
7.284927712390924098e-03
7.312867546824928025e-03
7.289442585427090629e-03
7.304420429463135897e-03
7.254315364525882465e-03
7.329887361265718937e-03
7.273296050415067361e-03
7.268656196120100270e-03
7.233043293284620312e-03
7.274917451648075378e-03
7.283604346581004294e-03
7.273296428242040194e-03
7.312784171495920887e-03
7.279357948538451098e-03
7.270515310120751959e-03
7.266918390370281054e-03
7.250723279148206003e-03
7.296599229535611839e-03
7.278551401578804356e-03
7.328329247444823058e-03
7.291404772647461230e-03
7.262370426453159007e-03
7.272956015201966114e-03
7.244853261707651960e-03
7.254122760604152578e-03
7.246614375617355108e-03
7.243569447829048200e-03
7.299451830847088381e-03
7.252644207942003825e-03
7.219772758366663039e-03
7.285200621274684832e-03
7.247352391944272484e-03
7.232965305475462688e-03
7.277098032966546233e-03
7.217185993882420034e-03
7.215259037633052833e-03
7.277490194359917224e-03
7.240535396508158972e-03
7.255277100429050573e-03
7.215912455921535441e-03
7.211563150917073804e-03
7.199667041778319392e-03
7.246673491248069483e-03
7.255579997760293505e-03
7.194607234546011518e-03
7.198255377386635588e-03
7.222420391682423703e-03
7.220869472955805148e-03
7.228377220795272062e-03
7.246283165313035894e-03
7.195682984617856985e-03
7.245839640364318442e-03
7.196949729361309424e-03
7.192217113316326689e-03
7.221185267292253192e-03
7.218053706288671961e-03
7.190691269195253685e-03
7.241600456586230576e-03
7.224264143043180805e-03
7.176258925398711248e-03
7.145137482526304692e-03
7.214275792082158571e-03
7.225627327772849752e-03
7.186059057531309427e-03
7.184312392714918734e-03
7.156167895962556487e-03
7.219249464175524038e-03
7.178638906296186742e-03
7.212986332060445337e-03
7.146351234248454407e-03
7.243713334378435245e-03
7.138121601272218522e-03
7.237301735781846712e-03
7.167228868769337166e-03
7.167029321754161617e-03
7.159234378361393862e-03
7.265315986096212118e-03
7.170515446533298753e-03
7.166243630216016618e-03
7.168568341370984594e-03
7.188610537368023135e-03
7.191923635518233764e-03
7.149733533639415772e-03
7.166797483777682769e-03
7.148262170146213804e-03
7.158281644081283812e-03
7.196832515514026661e-03
7.141193777565358995e-03
7.184217281745534575e-03
7.178006862767018215e-03
7.167349772006384977e-03
7.147889572452241144e-03
7.161954638456178440e-03
7.140152402079948633e-03
7.392761248727133805e-03
7.126811659312109505e-03
7.075179042712880124e-03
7.091127246796728040e-03
7.147792456629769621e-03
7.118549942412597670e-03
7.093786247336713105e-03
7.179888422966204317e-03
7.292746130549934702e-03
7.152338251875836432e-03
7.108473336438419360e-03
7.141569869461731300e-03
7.112603811310146996e-03
7.134583094477943595e-03
7.144749005991563734e-03
7.113469056687513059e-03
7.641032768948795122e-03
7.041230491044635394e-03
7.103917684927471034e-03
7.112113299185666461e-03
7.112805136970194557e-03
7.113851456969842203e-03
7.130515792345751107e-03
7.190833005198127292e-03
7.077702451817981417e-03
7.100468851740242976e-03
7.136769384329770538e-03
7.096008819731476278e-03
7.114073845089418854e-03
7.095527707272861716e-03
7.119394173081630001e-03
7.088160176111753252e-03
7.109098772875251104e-03
7.393324140858039371e-03
7.029748246740148004e-03
7.045975022232662220e-03
7.097975195463590917e-03
7.103882843982651726e-03
7.064265533961065595e-03
7.097445631575419536e-03
7.109957120121974949e-03
7.064858742872486864e-03
7.089646457147946029e-03
7.135500687712658871e-03
7.125183202055823672e-03
7.081340422608449307e-03
7.055913888665284184e-03
7.089183642110692511e-03
7.105201224498116502e-03
7.110623458071338616e-03
7.116297039295362697e-03
7.058871667037444793e-03
7.057047202279735816e-03
7.091749752983227476e-03
7.082495119347387291e-03
7.100234718918019272e-03
7.071249400304552464e-03
7.069609093780957962e-03
7.067437024025837941e-03
7.119353449677568758e-03
7.070056361795966360e-03
7.104469426980097521e-03
7.064727772847041384e-03
7.083425915264664370e-03
7.067180368324328665e-03
7.100332391721581385e-03
7.051561866722398306e-03
7.061425751928395930e-03
7.095984778921872807e-03
7.081402392854390174e-03
7.063076746354471011e-03
7.041716610059187142e-03
7.072277742850700301e-03
7.057639931587915416e-03
7.034886254744972256e-03
7.065974318137961327e-03
7.084340990930907377e-03
7.048286825925959530e-03
7.022531653969119568e-03
7.078326372764335260e-03
7.090230201214864532e-03
7.074457170820967755e-03
7.075656112004629142e-03
7.052393259290985067e-03
7.053823849189089570e-03
7.034566565374927340e-03
7.030705026626966198e-03
7.058076094487448181e-03
7.069812699996247569e-03
7.023732118659881812e-03
7.059937470570251672e-03
7.045506637384501940e-03
7.047340539451354274e-03
7.074641339511549519e-03
7.075311980645233347e-03
7.037432144206396539e-03
7.064465256993419408e-03
7.043597698671754531e-03
7.039051605416406406e-03
7.031976352696736078e-03
7.071380216619948048e-03
7.050650127017368297e-03
8.016159080044216179e-03
6.914437497536579484e-03
6.891132695223957730e-03
6.922451385037560467e-03
6.937600321953413945e-03
6.994959569262887075e-03
6.977432532916347761e-03
6.999609916621517790e-03
6.998015278016222682e-03
7.040417906870050611e-03
7.027566336056295486e-03
7.120357023644077049e-03
6.966855949276087520e-03
6.986829438623219299e-03
7.018577298748970676e-03
7.059143631005224996e-03
7.038312264603791696e-03
7.068176107609388213e-03
6.996749453093232228e-03
6.998307061518269263e-03
6.996409918396304627e-03
7.011996555312196774e-03
6.999126001830006244e-03
7.016739751558058978e-03
7.024535455833005176e-03
7.042554181702100763e-03
7.001023712040979445e-03
6.990746169038741277e-03
6.983649325459459489e-03
6.977195581379430113e-03
6.987050527701165609e-03
6.989693227656252304e-03
7.027236403880674637e-03
7.014706150857274482e-03
7.009978405434169786e-03
7.011418573455160258e-03
6.992017970877716440e-03
7.009870544547203847e-03
6.998755537255103854e-03
7.008747737241273305e-03
7.032010936063943368e-03
6.960215176662017111e-03
6.974448668101278573e-03
6.997610908350209748e-03
7.013763199646784463e-03
6.963902566802247611e-03
7.007119709397192052e-03
6.963383343313335298e-03
7.031757264289291431e-03
6.980760915631506296e-03
7.008008321142102960e-03
6.989742501312587973e-03
6.969263217367321038e-03
6.989277861622011923e-03
7.000506207943632021e-03
6.965264056190224005e-03
7.002039081598269640e-03
7.021764006108759115e-03
6.956885902010306183e-03
6.971497111674955852e-03
6.961665097777424739e-03
6.979461296455945901e-03
6.962407539629316376e-03
6.958437129899770236e-03
6.948512147562745447e-03
6.975322911267665439e-03
6.974353878842499618e-03
6.951742042218541501e-03
6.953360533417052292e-03
6.951043083232097061e-03
6.993476433880225357e-03
6.960206511388616381e-03
6.980813989864696062e-03
6.944514746208881734e-03
6.967624578301510364e-03
6.977690615228371654e-03
6.957697715891893175e-03
6.967758594295512219e-03
6.948983596155453718e-03
6.967240043854463875e-03
6.949390980769172207e-03
6.980981314234145467e-03
6.969885245344774327e-03
6.977448661318104255e-03
6.963021834004491997e-03
6.957229503575422351e-03
6.951312655806095482e-03
6.951180266489659712e-03
6.970405444421966940e-03
6.943841123239633852e-03
6.925449418712652412e-03
6.988323673196025244e-03
6.944275303244657437e-03
6.961698159031725827e-03
7.162071583920833449e-03
6.930575004087281311e-03
6.936618423892441411e-03
6.930051872319915526e-03
6.932422821270580772e-03
6.962829512755894408e-03
6.931339093612250667e-03
6.959265703405113739e-03
6.939739140495100253e-03
6.948211066171103463e-03
6.915778913995262317e-03
6.952977475423009063e-03
6.958114706163857910e-03
6.921123579063614278e-03
6.944033595758440473e-03
6.949232143564651985e-03
6.934747189802011567e-03
6.969653400048769418e-03
6.963958101441894075e-03
6.942937667844092248e-03
6.929605042430834159e-03
6.919875308804348223e-03
7.579934092804588644e-03
6.844831408387674378e-03
6.869078228671192908e-03
6.888725498933791040e-03
6.897026265505701303e-03
6.918823691210458822e-03
6.910216240672405891e-03
6.973163847264995246e-03
6.928488865221465662e-03
6.896360928588686663e-03
6.918357719017560747e-03
6.935918973452093357e-03
6.921242309447021152e-03
6.921656335310865868e-03
6.915318380907445502e-03
6.915903356048964772e-03
6.973483599025287645e-03
6.936463588377472095e-03
6.916203973173514971e-03
6.916416146371424413e-03
6.954810597088946500e-03
6.930528726557013373e-03
6.885695117483930407e-03
6.886660397083437489e-03
6.929036539011707192e-03
6.910265642594724464e-03
6.897294506623024776e-03
6.922893152602887200e-03
6.912309254664637630e-03
6.928763750377306407e-03
6.924507526393623019e-03
6.901827574258636439e-03
7.034866690348477031e-03
6.866163735885819942e-03
6.902092732461224782e-03
6.918651431389041297e-03
6.897553637021494426e-03
6.891571815560632898e-03
6.905421850614494768e-03
6.913265614201521275e-03
6.889897691780244061e-03
6.902025318579067641e-03
6.913900028560087188e-03
6.963010438547809558e-03
7.100941118725692842e-03
6.839058076137464678e-03
6.851088998750030565e-03
6.862722308664933810e-03
6.909121271267444110e-03
6.911103843716893264e-03
6.887930662170454327e-03
6.863461239235531079e-03
6.899940510821378492e-03
6.880232539727815406e-03
6.909919548208106124e-03
6.912606743911649254e-03
6.928514774601549769e-03
7.349838065973365690e-03
6.894865069778156365e-03
6.835176422982895336e-03
6.875582148452027455e-03
6.869977950759812227e-03
6.870109131308774729e-03
6.906217947033440469e-03
6.861589164096683693e-03
6.929600063758807431e-03
6.888845912808228521e-03
6.930407726074830875e-03
6.878550853831191282e-03
6.897229058556482093e-03
6.900945440642981647e-03
6.874114312621915079e-03
6.868144303830731046e-03
6.891336245671427288e-03
6.895689529361214570e-03
6.863352784072746481e-03
6.890569258659721280e-03
6.847678472826112736e-03
6.875288298752293102e-03
6.877885842110269786e-03
6.877410649057075914e-03
6.867750636706251681e-03
6.876302999792854344e-03
6.871305606509196459e-03
6.877694000116365419e-03
6.859776262099112967e-03
6.866096355464354484e-03
7.059696997992671863e-03
7.004062717112651514e-03
6.803571769736238735e-03
6.823453226846134916e-03
6.848141996811762770e-03
6.881182727509897387e-03
6.857445779671992973e-03
6.845980339605517093e-03
6.891532861739173635e-03
6.842633933776955807e-03
6.867463997088395222e-03
6.854347016768317855e-03
6.879835489239476999e-03
6.864960037707211297e-03
6.865109498598640989e-03
6.891898260853381898e-03
6.862655538552535524e-03
6.858282603329036303e-03
6.872455268459740085e-03
6.856464946427811603e-03
6.868010526592703384e-03
6.846338790398046048e-03
6.874458900231778836e-03
6.875537994978558887e-03
6.838945420263725650e-03
6.866598421286702371e-03
6.869535562428952767e-03
6.874979974166629988e-03
6.852535367455378501e-03
6.882627024789323908e-03
6.893243416544317555e-03
6.840841945059999291e-03
6.830761568135621312e-03
6.863814762244168158e-03
6.831919843425784608e-03
6.873688840761803254e-03
6.851585318047196532e-03
6.864982878114515505e-03
6.860110082685902388e-03
6.846938003412263857e-03
6.844789264124154400e-03
6.842769616880192175e-03
6.853707036781431748e-03
6.838878851264023305e-03
6.856990137073339965e-03
6.855291127600891127e-03
6.837896486147568807e-03
6.866338800131426869e-03
6.866002247618611769e-03
6.855247170360435037e-03
6.845279148860673041e-03
6.858530870853494187e-03
6.851623776580714927e-03
6.833560790582197605e-03
6.866808348784256971e-03
6.849782925495086390e-03
6.856952001644622298e-03
6.830375623808403879e-03
6.852966873742037321e-03
6.864549219538597542e-03
7.022585524985020325e-03
6.800014086828906970e-03
6.824700759575997970e-03
6.822553757106896571e-03
6.834920819550418386e-03
6.865803557336553828e-03
6.867742995817972818e-03
6.810354113838117118e-03
6.829377674026426009e-03
6.836441550808150351e-03
6.811838978720259966e-03
7.025285264265215650e-03
6.785437223518233502e-03
6.822170869553249514e-03
6.818882729593262609e-03
6.824370452710343780e-03
7.170729897149509882e-03
6.783124557515037359e-03
6.774930758499345118e-03
6.805963848416364884e-03
6.834344370611302073e-03
6.832676135215484843e-03
6.813205590208122088e-03
6.837444327643397469e-03
6.827574417421672197e-03
6.843518779451351376e-03
6.830277031881478410e-03
6.826751269428004039e-03
6.807311879635459875e-03
6.832163453640271653e-03
6.833463950810430079e-03
6.824636407347094667e-03
6.835562226496369291e-03
6.812328803854922170e-03
6.835607299790298977e-03
6.815867596807817334e-03
6.816353755556938884e-03
6.818683745135960608e-03
6.832518239441456344e-03
6.806957839031753561e-03
6.819409429106838838e-03
6.848410630395112067e-03
6.817384531671281771e-03
6.806465799217586467e-03
6.820083491596209274e-03
6.813197677626001321e-03
6.829757911214482009e-03
6.828276850394681199e-03
6.845321549133336590e-03
6.802931051871399445e-03
6.800714118300217950e-03
6.817675656764517374e-03
6.812193127025565655e-03
6.824550288241401641e-03
6.811648065609087616e-03
6.838566888873827757e-03
7.067416420605167858e-03
6.794088988559331826e-03
6.778457927347500758e-03
6.795247372596742441e-03
6.791284262526133507e-03
6.816662344691193365e-03
6.807089926504869895e-03
6.812452095348811403e-03
6.825707742001883849e-03
6.791462660641660147e-03
6.806615150664671078e-03
6.834751676801525434e-03
6.803357672897128103e-03
6.789213230116795082e-03
6.822756973644551401e-03
6.793581815798973439e-03
6.805729504722075711e-03
6.799702821187898413e-03
6.791854885470924828e-03
6.804784010499046430e-03
8.700222460466609797e-03
6.802485961938265630e-03
6.700003162740233130e-03
6.715512069076032091e-03
6.742873184472144080e-03
6.720020420065785267e-03
6.744037539151658683e-03
6.771755146844212099e-03
6.806797607457488672e-03
6.790150273075427727e-03
6.792437982631144983e-03
6.782703566250620347e-03
6.792551470491031522e-03
6.777933749236434054e-03
6.811869486157006923e-03
6.817128013298027166e-03
6.805633086694438255e-03
6.812116108879357791e-03
6.811807110897282261e-03
6.789470733140600886e-03
6.819618296318737290e-03
6.792715844742864585e-03
6.783797491751722940e-03
6.818588304439347422e-03
6.827561790541840543e-03
6.781330411280588923e-03
6.791220250480925653e-03
6.820930461859341792e-03
6.955707021905276413e-03
6.790902788338145334e-03
6.781844969442905706e-03
6.790733916760272049e-03
6.868624206127676816e-03
6.770853896020259145e-03
6.745178172292332422e-03
6.812006280085484977e-03
6.773415335989417356e-03
6.789487338008660423e-03
6.792959409994547317e-03
6.798002100340509377e-03
6.777988485699174004e-03
6.793270657859564257e-03
6.785580882116661224e-03
6.795454267022049688e-03
6.799534796235223895e-03
6.791345823575703142e-03
6.764988728637199612e-03
6.781489852520297332e-03
6.783195755940800951e-03
6.810331434111841289e-03
6.917055324347365884e-03
6.838533376945840798e-03
6.730778077282680884e-03
6.750271167650729633e-03
6.764632718383842454e-03
6.793185440798339865e-03
6.749436506042312371e-03
6.801970866662143157e-03
6.783125041300865597e-03
6.788239980250329424e-03
6.779792731834162478e-03
6.784047886469919686e-03
6.781379713169382630e-03
6.776098852759661860e-03
6.794706734962493826e-03
6.758247988373822235e-03
6.784762793658356654e-03
6.791696231254560484e-03
6.814538626332103562e-03
6.768681889352483501e-03
6.783617203107137478e-03
6.773739276958551554e-03
6.783400502259435624e-03
6.773748862052414270e-03
6.766220957980474335e-03
6.791630988831849625e-03
6.765897587585837508e-03
6.778320123324404513e-03
6.756540073477802950e-03
6.761848060051704051e-03
6.766909106723785830e-03
7.318003578906220712e-03
6.769912303801804351e-03
6.733174143361853395e-03
6.754993288889303907e-03
6.731095323325162957e-03
6.774294230888993837e-03
6.751291298037004340e-03
6.784103381026447034e-03
6.771494351427801220e-03
6.778376128853571929e-03
6.762142600226745542e-03
6.794970853443809550e-03
6.783624186632251571e-03
6.748421929433696780e-03
6.779444713457794501e-03
6.753967765057850015e-03
6.796942250719461079e-03
6.778332310684114480e-03
6.774496711291439453e-03
6.759602472626653931e-03
6.809547238893985319e-03
6.752805311363859787e-03
6.767785309431907301e-03
6.770695709207926079e-03
6.753926328871354134e-03
6.779114159470992981e-03
6.751226210021442006e-03
6.749839636617100715e-03
6.766817981062155617e-03
6.745924312944808453e-03
6.768954467463368131e-03
6.759826092169380664e-03
6.764494841862581619e-03
6.746011424020579607e-03
6.765468006683122981e-03
6.779477920754070977e-03
6.773785151217779667e-03
6.770567233049628979e-03
6.740632045576293481e-03
6.779387196620736619e-03
6.761989806859592528e-03
6.751485519922577859e-03
6.737941227055818487e-03
6.763038645473358652e-03
6.764934124623029135e-03
6.753695818168964533e-03
6.765467419378281069e-03
6.759868348142812795e-03
6.747908698894016823e-03
6.746743797341327870e-03
6.763325849740381077e-03
6.753404520892587921e-03
6.766015809784994492e-03
6.773759266933214104e-03
6.758326397230012168e-03
6.753037832496118845e-03
6.754230340861876875e-03
6.759335612808494050e-03
6.745527150920831681e-03
6.751185631613709943e-03
6.770709781868461223e-03
6.735559912610375628e-03
6.737436282568371772e-03
6.745303677768630518e-03
6.755793037751834165e-03
6.777234374082641635e-03
6.737965559252275839e-03
6.737641103127915872e-03
6.740665006448520388e-03
6.768035629212097726e-03
6.767336609926699088e-03
6.735261356455279555e-03
6.732920036946763234e-03
6.753336311273365998e-03
6.732149173723099046e-03
6.745787733373884675e-03
6.751912235056501711e-03
6.729557480060768641e-03
6.737491432410067788e-03
6.757361091140791885e-03
6.741743053108855549e-03
6.748925098413210977e-03
6.736498153182917357e-03
6.750980107682550552e-03
6.754164061854832889e-03
6.745381700432675348e-03
6.752835988892454469e-03
6.732558378459004185e-03
6.737036312983265239e-03
6.772263911427249365e-03
6.712403616862382821e-03
6.735536343038840690e-03
6.725177595469944772e-03
6.758526842107070651e-03
6.745956513980503992e-03
6.713856548045811674e-03
6.734332665773164021e-03
6.731745635346135861e-03
6.722713746395363871e-03
6.740750503045935850e-03
6.743887773977068692e-03
6.738300731163025976e-03
6.727699611425221396e-03
6.745742332792567693e-03
6.716973695159516103e-03
6.739591875024318265e-03
6.734814178714428230e-03
6.729607915430479981e-03
6.768756771591230050e-03
6.724203279043943979e-03
6.745511016593743782e-03
6.721098859540694699e-03
6.744755454665373774e-03
6.745103826121745354e-03
7.111426539061044619e-03
6.692663766792277848e-03
6.716728743031888556e-03
6.708314684136006470e-03
6.730833952106022797e-03
6.721666811904061616e-03
6.731974533312914608e-03
6.702449374545008803e-03
6.760703338781360455e-03
6.724184923066372707e-03
6.729680615753314693e-03
6.715122555259860244e-03
6.746520237051909993e-03
6.739723457450125070e-03
6.736383191309869289e-03
6.736666384476521462e-03
6.699669091198259124e-03
6.736602829727427778e-03
6.735548899860350353e-03
6.740243000209799988e-03
6.744323284044571702e-03
6.712734145405116482e-03
6.740521687336689487e-03
6.707520797168333750e-03
6.720497211215537871e-03
6.722080047607622774e-03
6.736629997368924483e-03
6.717803631142384505e-03
6.718802824895271295e-03
6.732619739441524954e-03
6.737778971284003569e-03
6.715420652027548863e-03
6.728829079848563932e-03
6.742827421400004149e-03
6.733969106299880596e-03
6.743463773690275796e-03
6.736770114710855829e-03
6.716132892120049366e-03
6.752803057995429570e-03
6.701204400512384210e-03
6.743379281262147987e-03
6.715166859654988531e-03
6.715233327924067380e-03
6.726324641909784546e-03
6.721931495731641067e-03
6.722019992986259275e-03
6.698695746177952062e-03
6.709741374120829771e-03
6.728989614486069991e-03
6.708582678132182613e-03
6.717683013018309855e-03
6.715806595657667667e-03
6.711690309513248555e-03
6.724881191952656288e-03
6.718211218262994458e-03
6.719452082207371009e-03
6.743374093460800626e-03
6.718589232406372430e-03
6.708812795671450363e-03
6.703983942147143452e-03
6.715246618440943657e-03
6.708312997508035502e-03
6.726013414609151135e-03
6.712308308265790661e-03
6.710138380692011809e-03
6.723810004036940256e-03
6.712215124423097368e-03
6.727495888446061514e-03
6.717802434574120761e-03
6.711279580573143930e-03
6.710017961937889130e-03
6.711688760562080705e-03
6.708220077516834946e-03
6.711733096326606522e-03
6.702414506064828352e-03
6.752689987697086532e-03
6.687659339095371018e-03
6.697903989889508747e-03
6.706793227199531714e-03
6.711037652106944390e-03
6.729754604312764010e-03
6.715594762643453675e-03
6.692551053756524114e-03
6.712184148885220504e-03
6.706558327918348342e-03
6.701444367345556728e-03
6.688025074559235741e-03
6.729335440838609024e-03
6.712771766375705274e-03
6.698677949969863293e-03
6.721658934351101844e-03
6.708740600047376733e-03
6.733136489279122235e-03
6.704092178421239626e-03
6.686779184540187285e-03
6.715618454207091664e-03
7.003066530465120246e-03
6.659982690774461991e-03
6.651919410761980914e-03
6.683897440360781102e-03
6.691754107226890839e-03
6.691320602361023641e-03
6.696800408539122819e-03
6.712986790354803952e-03
6.691676568697223562e-03
6.707676182693416908e-03
6.708800334352330551e-03
6.726466482128769589e-03
6.703231844097420900e-03
6.712795858073444463e-03
6.700429724164106218e-03
6.685781701813691379e-03
6.715044816314593920e-03
6.709768313985641809e-03
6.696528804970871412e-03
6.718408426863816361e-03
6.700178281708013030e-03
6.710038155116542641e-03
6.716059909124083224e-03
6.700114951424389863e-03
6.693303288437403575e-03
6.707502883499276078e-03
6.697723443667309533e-03
6.700436227737429327e-03
6.693759582125342368e-03
6.701829883306214923e-03
6.688767997060016124e-03
6.702261457559903317e-03
6.696754064784569277e-03
7.113850805532008839e-03
6.642724081670341521e-03
6.671108422915222186e-03
6.682592213033937932e-03
6.702235304195612239e-03
6.685278651689340740e-03
6.699306626168419557e-03
6.683458325600887158e-03
6.695407885405608647e-03
6.684838812296351081e-03
6.694653710701731902e-03
6.694576636787704857e-03
6.699116122950716200e-03
6.691838450476103768e-03
6.691332935065611234e-03
6.692971014710488720e-03
6.688060048998272465e-03
6.698387519534521398e-03
6.682593305386090241e-03
6.691475921313272748e-03
6.680033870967116288e-03
6.678087704446902806e-03
6.702598355833195957e-03
6.674564272042608944e-03
6.686649898005772412e-03
6.699920075312591067e-03
6.688535291196856351e-03
6.687262441619985613e-03
6.702006636968183863e-03
6.676591342680357130e-03
6.676940759783331868e-03
6.678453617670690630e-03
6.686591571141146072e-03
6.670382763342764740e-03
6.677832753497906296e-03
6.702703936164919850e-03
6.677011608266032218e-03
6.717069574679153214e-03
6.660428055015554100e-03
6.683505682238449937e-03
6.681120889275306632e-03
6.683242761022494850e-03
6.703354638909173741e-03
6.683214201276820553e-03
6.878501905719498939e-03
6.652222939315223862e-03
6.673463434817459086e-03
6.667240284394450323e-03
6.744962997740123339e-03
6.660505057477063631e-03
6.677370708056552806e-03
6.673567558912013933e-03
6.680547153092028859e-03
6.669615448346573675e-03
6.681654737526160348e-03
6.677449651935255144e-03
6.677742495025859246e-03
6.700598195259330724e-03
6.676967193729461958e-03
6.652796201820591372e-03
6.790347003815751063e-03
6.663754703700096489e-03
6.640093468692889744e-03
6.664072428648722471e-03
6.671789346589054349e-03
6.669611862127272986e-03
6.679571125988184761e-03
6.667692762517933580e-03
6.668175866933327353e-03
6.676823334018337427e-03
6.690332358270816883e-03
6.683285505661439550e-03
6.673952198969367380e-03
6.673363556048113668e-03
6.683819667257725333e-03
6.674988587069029429e-03
6.672205396127625122e-03
6.686325494860839713e-03
6.678558335343967242e-03
6.670146403293275572e-03
6.700992441323479730e-03
6.667825602159506773e-03
6.671220272595430878e-03
6.680847716540053161e-03
6.670567079818065861e-03
6.692925440551836073e-03
6.677638077801706547e-03
6.683845364720097763e-03
6.697716739678387377e-03
6.663500445666248849e-03
6.677771137726164555e-03
6.675625833735695201e-03
6.671525725138423464e-03
6.677063539956032585e-03
6.685583489740680452e-03
6.686253919305201916e-03
6.674237159975876695e-03
6.653109595700986735e-03
6.665961297220567364e-03
6.678910282563173088e-03
6.665777941345945104e-03
6.670612756798635287e-03
6.655547117485391580e-03
6.689827996905625511e-03
6.702556057685350559e-03
6.668004091943385142e-03
6.677248945995094102e-03
6.701853975352502560e-03
6.664282546802507458e-03
6.669794147956871304e-03
6.658799703718123672e-03
6.682810587264753285e-03
6.655883837998761120e-03
6.677898400237304057e-03
6.675590165684412713e-03
6.681486141998990193e-03
6.672962759356543955e-03
6.681429134740376856e-03
6.678261724091553650e-03
6.660007682773925845e-03
6.695877250373185111e-03
6.668259652504351931e-03
6.664487885654217687e-03
6.670562021676896929e-03
6.663446209719683412e-03
6.677655362340058354e-03
6.674367033815134347e-03
6.660530415801386821e-03
6.671094790820455804e-03
6.662671956858279461e-03
6.673228421909344066e-03
6.675150233228874935e-03
6.651747244003111507e-03
6.660735666818782576e-03
6.663886102440649654e-03
6.660818603324764921e-03
6.679107208839411142e-03
6.675724380002719463e-03
6.650092965201056042e-03
6.661154826458900308e-03
6.666006174281484571e-03
6.679832112757923789e-03
6.659782214528005111e-03
6.677150931613642752e-03
6.639622970592944096e-03
6.666751275212687983e-03
6.687100055490893639e-03
6.661981532090861802e-03
6.647429219516785663e-03
6.662789065792353894e-03
6.654095753726220822e-03
6.659726178326537925e-03
6.653838153457280330e-03
6.641551777985348765e-03
6.757441273413621052e-03
6.640814727138794581e-03
6.632237043719693692e-03
6.649200870755858986e-03
6.643281779028921245e-03
6.662020979806067278e-03
6.665532236701312251e-03
6.666377088832975938e-03
6.682978408316339949e-03
6.642751914691625952e-03
6.654879670802080378e-03
6.658086195604841911e-03
6.673834327061822086e-03
6.653754322923452307e-03
6.663159624301175955e-03
6.662634251887413449e-03
6.663048025053328743e-03
6.655288215386430568e-03
6.656840668773713297e-03
6.653524056205269675e-03
6.662722845690068584e-03
6.663747409617941375e-03
6.648025326960591529e-03
6.634801143465262306e-03
6.673810852992676998e-03
6.660903082508036130e-03
6.651666913597013668e-03
6.667408844718185693e-03
6.651980316888228377e-03
6.664995487129683760e-03
6.652472694794797636e-03
6.648343235943020464e-03
6.681898214246430844e-03
6.635806045402956738e-03
6.650338156084658649e-03
6.677297093838587515e-03
6.795568413639296521e-03
6.622135842743212368e-03
6.635534470415713551e-03
6.655996124062152006e-03
6.647188081210869681e-03
6.666929006205682059e-03
6.659710684632269388e-03
6.656431114443293363e-03
6.644056844357735386e-03
6.649617651549954642e-03
6.650849782950997782e-03
6.656581653047821505e-03
6.653777044127042774e-03
6.676050370787744472e-03
6.662432242025939470e-03
6.646687536107231606e-03
6.646174018363284336e-03
6.649971644751014044e-03
6.645668943867109879e-03
6.670253150218060333e-03
6.657540246085849600e-03
6.650500479823502273e-03
6.646518267880745928e-03
6.644681824892647616e-03
6.659480033813234071e-03
6.644392282559820860e-03
6.656066251048695266e-03
6.641682431876972000e-03
6.649962891294749524e-03
6.662261907937016420e-03
6.653066862215606218e-03
6.664436246396717410e-03
6.667333704204727630e-03
6.633840503748282894e-03
6.641980644188609159e-03
6.657251631590108652e-03
6.646094257486035925e-03
6.644397812636156087e-03
6.646635598143350518e-03
6.648831918185944823e-03
6.657001612956139035e-03
6.647100761702875657e-03
6.653688681760836637e-03
6.655815476412232402e-03
6.642296912377242991e-03
6.638205753817797566e-03
6.648809357314833419e-03
6.645979385538595616e-03
6.638811923170317639e-03
6.630129813813342467e-03
6.644257472222949747e-03
6.652837757907897019e-03
6.651086708346749810e-03
6.644515925739518172e-03
6.629877545296432306e-03
6.647319487968046670e-03
6.650749397043049550e-03
6.653695805054046265e-03
6.653954819385743402e-03
6.648388411013219854e-03
6.646691385829475718e-03
6.655941507848771137e-03
6.641458632483029749e-03
6.643365715521605541e-03
6.645376299449359987e-03
6.657691467846157951e-03
6.641366450021233062e-03
6.644433628820708114e-03
6.650644760233110665e-03
6.646033153384032013e-03
6.645421285606072960e-03
6.632704717528164172e-03
6.629780787782197163e-03
6.660133069743608830e-03
6.652821498103216394e-03
6.641808625388734635e-03
6.655816918010349324e-03
6.638807723853558732e-03
6.652909702925335379e-03
6.628006279139506303e-03
6.640702824827707067e-03
6.628694724497903590e-03
6.628387693028540278e-03
6.624441552756655562e-03
6.656726746621937849e-03
6.622483198179634351e-03
6.635515873939423249e-03
6.629911781508966533e-03
6.643768505215599807e-03
6.642950945505927789e-03
6.927107031036079145e-03
6.606469997400027383e-03
6.618094431169465296e-03
6.623616666898332270e-03
6.621261659875779700e-03
6.611983621532019524e-03
6.816226185625697855e-03
6.592325003738208102e-03
6.617621235998381174e-03
6.605066531923360108e-03
6.617288559348974940e-03
6.626403358316015207e-03
6.646161020976005911e-03
6.637960356593266241e-03
6.634067696439726637e-03
6.647619852394668315e-03
6.643743234725591092e-03
6.639778212864442912e-03
6.636815236234468521e-03
6.616792134441502014e-03
6.641589950011697607e-03
6.628637165486433308e-03
6.621599487031804357e-03
6.627608305345217103e-03
6.635772660346757161e-03
6.630110710198450219e-03
6.643569356940329934e-03
6.618092228689169930e-03
6.635119633827202615e-03
6.641718134434592379e-03
6.632707978899919296e-03
6.633036326572388196e-03
6.643755303927234394e-03
6.646770090952202996e-03
6.638376705535313851e-03
6.641706536471018475e-03
6.629387530551185924e-03
6.632384084636334248e-03
6.646009957456883339e-03
6.628468213742320057e-03
6.631878885011116380e-03
6.648631596695185782e-03
6.610830153602114366e-03
6.633780054221052706e-03
6.643939979407869657e-03
6.606280253321757633e-03
6.620802343223511528e-03
6.627882933271993411e-03
6.620097363055376695e-03
6.632025883404794354e-03
6.634427531145535573e-03
6.632663198387038148e-03
6.640618695238950653e-03
6.617810788026224147e-03
6.621644428225713884e-03
6.670003469676492880e-03
6.640023408976277429e-03
6.629671112698374245e-03
7.036108177846777355e-03
6.590125423195231091e-03
6.595593645700259175e-03
6.595440147218746031e-03
6.628492785043300917e-03
6.641374248802149258e-03
6.626702630390485411e-03
6.621045379378013261e-03
6.622290052961513074e-03
6.624824706253087774e-03
6.633445664453961436e-03
6.603945492108737395e-03
6.637706127140425953e-03
6.632782845105418199e-03
6.615141244580087683e-03
6.657751510268311058e-03
6.621506685547218045e-03
6.615773319478654609e-03
6.627566055297115510e-03
6.634021944346877100e-03
6.629431579808543057e-03
6.622531671916318669e-03
6.621240050891626441e-03
6.619268294959189218e-03
6.629209660138644759e-03
6.621406099572220080e-03
6.612187922753750419e-03
6.607603275113945601e-03
6.633720298654617598e-03
6.624529745728111735e-03
6.613228107596229310e-03
6.624169823013714535e-03
6.631740879178225564e-03
6.610603796382306073e-03
6.621377003409838723e-03
6.606983486562967300e-03
6.625016933742040350e-03
6.625133544948331316e-03
6.633075354983305333e-03
6.623002470465388231e-03
6.613312106479160221e-03
6.623156556948841048e-03
6.612971515679163040e-03
6.651986505024827002e-03
6.618733305210794046e-03
6.616061028792985695e-03
6.629075191031115304e-03
6.631694156899602295e-03
6.631675430066035805e-03
6.612259924236104855e-03
6.806760596970240842e-03
6.597157407929830734e-03
6.614646311810318084e-03
6.612041208427399397e-03
6.606966011019836660e-03
7.403377393709529436e-03
6.593463017359866944e-03
6.575407202405754610e-03
6.581220247791131836e-03
6.576932326076318468e-03
6.570101123788354633e-03
6.583126308710152835e-03
6.595152389107573378e-03
6.603534013091469194e-03
6.606052463043280212e-03
6.601786623641982786e-03
6.610432086222453943e-03
6.611615436815260552e-03
6.623222362975071664e-03
6.626670034797471631e-03
6.622981178660704293e-03
6.613618170028318609e-03
6.607529795435843067e-03
6.637823723694365012e-03
6.621756575915203891e-03
6.593366085919746822e-03
6.627421745957951318e-03
6.626802623135310925e-03
6.623706433916475705e-03
6.627325814853082461e-03
6.623907589136126227e-03
7.089240759162198507e-03
6.582537519224099763e-03
6.588874452030788441e-03
6.584387492879244068e-03
6.610419595276680570e-03
6.610787804043311011e-03
6.613439008242221612e-03
6.610321143814948397e-03
6.607436861851235729e-03
6.612493738136114400e-03
6.613764784321143897e-03
6.611763013102961960e-03
6.604559782301326447e-03
6.607666927108173105e-03
6.619457003324499128e-03
6.613100647109331626e-03
6.611250039443797126e-03
6.608484791101006291e-03
6.628455617186239726e-03
6.621123184547564322e-03
6.614010692866864605e-03
6.610974791448585852e-03
6.595059822893472451e-03
6.609115294741277000e-03
6.636211410175986425e-03
6.608021365057587838e-03
6.603033067156633025e-03
6.618918601805511351e-03
6.601705465780872452e-03
6.615068301492967734e-03
6.612688052735687591e-03
6.615510891110797792e-03
6.613469188391582140e-03
6.646450835874047856e-03
6.648358929007241840e-03
6.588481701241282254e-03
6.598819780559418875e-03
6.593047013481197378e-03
6.628844012509094510e-03
6.608653045050287209e-03
6.593111484913813554e-03
6.606249070397304975e-03
6.606207259172228174e-03
6.614981155039486270e-03
6.610850702126337686e-03
6.615289865817294487e-03
6.612277657356849248e-03
6.598729213621623221e-03
6.609195379420423032e-03
6.614605232189314614e-03
6.612646478872389461e-03
6.612815756161145170e-03
6.618251448251798001e-03
6.611747726795269217e-03
6.595148776747107935e-03
6.609612779063032788e-03
6.612736070919000841e-03
6.613876005916292933e-03
6.602598035298176161e-03
6.598469202091616047e-03
6.598818045134606340e-03
6.601326223699833205e-03
6.606735647753617102e-03
6.599332339793978833e-03
6.609650966251257725e-03
6.612513826401558714e-03
6.605747665772159112e-03
6.615837957866177281e-03
6.623228007026886986e-03
6.606161275120106535e-03
6.594446574164899988e-03
6.603942553841782130e-03
6.619123815876727483e-03
6.620835801823521903e-03
6.601625689218924842e-03
6.582216473998959115e-03
6.608880167160584990e-03
6.613333479844278780e-03
6.613571081424834269e-03
6.593970211381705755e-03
6.601237429133030576e-03
6.596355218702403336e-03
6.600287373450969622e-03
6.595532567739420017e-03
6.604775703793759611e-03
6.585435571656478825e-03
6.594346253784139598e-03
6.595690038283829638e-03
6.598154022595371059e-03
6.632835668034874066e-03
6.801410959852290453e-03
6.577541012997309942e-03
6.595916385569994614e-03
6.574170117428202419e-03
6.625383068991456958e-03
6.589874709903368634e-03
6.606047776106655813e-03
6.607665385825079764e-03
6.595995340950809582e-03
6.601373747292303348e-03
6.622919836499823083e-03
6.589700626822824099e-03
6.883571510311929653e-03
6.584986205028738049e-03
6.586481075006129712e-03
6.580974894483757748e-03
6.607477869322623924e-03
6.600558220668177600e-03
6.606845946042815346e-03
6.601369242995285512e-03
6.595890400206257109e-03
6.592416916946004617e-03
6.603885752227001485e-03
6.592282417514723838e-03
6.595633527184529589e-03
6.602419677962867266e-03
6.594849876225730712e-03
6.617785135526656030e-03
6.605442597678566792e-03
6.586590655633208988e-03
6.612583122796149987e-03
6.599901906287152994e-03
6.609865869283899562e-03
6.599344071251769285e-03
6.626116529436123885e-03
6.608919811457350524e-03
6.596040567606241585e-03
6.603734251976147406e-03
6.577172849193482947e-03
6.618710849949989601e-03
6.594715831999270819e-03
6.592241718857632694e-03
6.588480433569050311e-03
6.589717578148458071e-03
6.602148769052509567e-03
6.604839922528446365e-03
6.603931451514697543e-03
6.598607342464369620e-03
6.602035001656431090e-03
6.592774567121784460e-03
6.625671505727275673e-03
6.600374884660841109e-03
6.592077946201145219e-03
6.595771186385571312e-03
6.606354653168871466e-03
6.589248583688328380e-03
6.608859368552548637e-03
6.595886927962437384e-03
6.593560270162042956e-03
6.600089076680582846e-03
6.621258620181104046e-03
6.591292478082824528e-03
6.595717693545191836e-03
6.591267236173822298e-03
6.575689282655871812e-03
6.584752473037712439e-03
6.605220169475871025e-03
6.605488401530923599e-03
6.583910994859088449e-03
6.581977382720542898e-03
6.594296322416090712e-03
6.597341699483887968e-03
6.717428146766688327e-03
6.584399367242070415e-03
6.591882388327761737e-03
6.601847042496913204e-03
6.578822716412519381e-03
6.612280483739617701e-03
6.591118568928164972e-03
6.594580093476765451e-03
6.588424720472382985e-03
6.618300334321792176e-03
6.597759617592938511e-03
6.594446767260972973e-03
6.592533385595809002e-03
6.593867127008423527e-03
6.589655498109623678e-03
6.602288893713966975e-03
6.591163747832402484e-03
6.585097132448642157e-03
6.592482810109451946e-03
6.586365301711317663e-03
6.600119205244710761e-03
6.608570452562036700e-03
7.291166874800368396e-03
6.552298583611734263e-03
6.548616773738876948e-03
6.547454833805917834e-03
6.558096421112913875e-03
6.571635727639572010e-03
6.581539315698545396e-03
6.582309482870121221e-03
6.588965878141541700e-03
6.595165235921740532e-03
6.576997329045957373e-03
6.585821382838028155e-03
6.595397180554172546e-03
6.595484010699556240e-03
6.588615414694866043e-03
6.590242800511932411e-03
6.583540627180771432e-03
6.597142748487276782e-03
6.594386958889384386e-03
6.590596580749633927e-03
6.583614890396729223e-03
6.575407616133260857e-03
6.589621882314074600e-03
6.703867851672861214e-03
6.551104121629572168e-03
6.572321384955576856e-03
6.570638980002639108e-03
6.590613584357598274e-03
6.592558405130633133e-03
6.586000934998855957e-03
6.586141027593818073e-03
6.589470362544483199e-03
6.597025970674627766e-03
6.589177951828749380e-03
6.587624156354050624e-03
6.579661993156494214e-03
6.606718182666952016e-03
6.563649926903451087e-03
6.577779185500910383e-03
6.586639363594732482e-03
6.589940811150489519e-03
6.571541666847926892e-03
6.596819067884147382e-03
6.587166651458797699e-03
6.585155688309874897e-03
6.595549743879073820e-03
6.567915682653020608e-03
6.587342089697339337e-03
6.598153829499298073e-03
6.604616489807913632e-03
