1.838397645352486398e-01
1.804566419945505540e-01
1.745549733499567047e-01
1.642791227755432404e-01
1.558509194989225743e-01
1.440806494590765041e-01
1.311733393768172162e-01
1.178942063633731802e-01
1.047341860161569993e-01
9.306527842616962864e-02
8.320188440360173909e-02
7.516572085727830921e-02
6.934570189297734055e-02
6.441626783661143218e-02
6.095422304118286450e-02
5.747834119588850210e-02
5.572958906811333046e-02
5.380665793635709682e-02
5.215126574931744363e-02
5.074815701938675122e-02
4.887846606911834535e-02
4.699279910544613970e-02
4.546962064428779204e-02
4.384351669515142852e-02
4.227449046169034358e-02
4.108627946366985584e-02
3.981875938023189676e-02
3.886036780344957753e-02
3.781961627349168104e-02
3.684729119082411075e-02
3.628192452189629713e-02
3.534027121816120387e-02
3.471166140282760937e-02
3.429013696460131433e-02
3.376768911982367533e-02
3.337514663427443296e-02
3.299913276544588076e-02
3.252195199940376147e-02
3.216236421816095342e-02
3.201836328897737088e-02
3.167711599300542663e-02
3.122837071078355536e-02
3.096449552773090919e-02
3.072987734981461050e-02
3.041370489361311033e-02
2.992636262868603528e-02
2.973829846673026189e-02
2.947376546042854151e-02
2.916600255708316075e-02
2.889509201272875971e-02
2.858905940076815824e-02
2.829014349304987200e-02
2.801345018000749032e-02
2.766731510797660470e-02
2.752685094319150261e-02
2.719730713466059560e-02
2.692010188977161586e-02
2.669436038432720926e-02
2.647783450536920699e-02
2.619774668605741666e-02
2.603282448752019390e-02
2.582096288114518398e-02
2.561827912692448903e-02
2.538873086834025211e-02
2.522865365521458070e-02
2.498941999319160071e-02
2.481568694075647619e-02
2.467062264335101798e-02
2.445981794449606644e-02
2.436358135327429050e-02
2.414397805968221400e-02
2.397765489127821545e-02
2.384015280491265376e-02
2.372079356266799249e-02
2.360903436435152214e-02
2.339223949489612972e-02
2.324128189559155830e-02
2.317719866973375759e-02
2.301733853423711465e-02
2.289785883629215021e-02
2.276142370959598898e-02
2.260394498265298063e-02
2.252211746715098578e-02
2.242522168776276900e-02
2.228377051205335246e-02
2.221966093590115043e-02
2.208925151087700461e-02
2.198392137171265720e-02
2.187301053994608613e-02
2.177441419620892299e-02
2.166393007051400574e-02
2.156591891104768163e-02
2.144356584037001787e-02
2.134587760306448645e-02
2.123837413065536930e-02
2.111452343193312084e-02
2.102359225220621491e-02
2.099249781873411755e-02
2.085001402517814087e-02
2.074726448188017255e-02
2.065537124035690328e-02
2.055444447797706228e-02
2.050972054433635242e-02
2.042046603663060650e-02
2.034392718136488962e-02
2.022357169025672252e-02
2.018733709649054436e-02
2.005541178782632369e-02
1.995202256394494264e-02
1.988543264434009319e-02
1.982577891273056003e-02
1.974584863376162291e-02
1.967822526397551564e-02
1.957058170419967089e-02
1.950875657727707546e-02
1.941263768124857139e-02
1.933818941233222261e-02
1.926995448149116177e-02
1.923051176587130956e-02
1.914330053667420706e-02
1.906412258928273651e-02
1.902058332165825968e-02
1.889188218343177544e-02
1.889980249915517233e-02
1.878723056155987350e-02
1.871983790463450231e-02
1.867722784877269560e-02
1.863070165398279798e-02
1.853218043228600093e-02
1.850347722668624698e-02
1.842558251353661192e-02
1.837122135009326696e-02
1.832589734775086701e-02
1.825321489571409689e-02
1.820021606758683019e-02
1.815102143146231362e-02
1.809533967212690123e-02
1.805247103064850853e-02
1.802623455836521379e-02
1.792046107619465339e-02
1.790873490937589657e-02
1.782931860335572674e-02
1.782153839172940374e-02
1.775603648553976052e-02
1.772486646854859460e-02
1.766028702342715279e-02
1.763350657929114301e-02
1.754584494130518452e-02
1.752063459270594703e-02
1.751366310368130189e-02
1.741730904312592532e-02
1.738268867118317532e-02
1.737709035455600737e-02
1.732149345711051988e-02
1.728059959174050100e-02
1.722955455150299020e-02
1.719837480860422069e-02
1.719022228962513096e-02
1.713224908080464987e-02
1.710828636427169994e-02
1.707899692736030567e-02
1.700374355099113638e-02
1.700146272388136301e-02
1.696066239229710240e-02
1.691871166959806397e-02
1.686922438487321180e-02
1.689495166072142382e-02
1.682363706501479803e-02
1.677375114216151514e-02
1.677557785471087137e-02
1.673163975377059756e-02
1.670314510029456342e-02
1.666911111581334537e-02
1.665413059143650704e-02
1.659311941953119443e-02
1.658872724650148692e-02
1.656027071451221869e-02
1.652168328901696889e-02
1.648111371490769764e-02
1.647869959295152759e-02
1.643107732769079690e-02
1.643675434107551986e-02
1.639084617780175654e-02
1.636269708682677043e-02
1.631689550421998314e-02
1.632898008523363947e-02
1.628735055868140227e-02
1.629362468089082944e-02
1.622903268243336763e-02
1.620677880619368280e-02
1.620467316811000785e-02
1.614926619354836376e-02
1.615564175044928094e-02
1.611486393791026692e-02
1.609593440087032576e-02
1.607031295979451449e-02
1.604041148083072688e-02
1.601807018156403348e-02
1.600607089882348510e-02
1.596603222319599794e-02
1.597879875679974332e-02
1.595088942701409704e-02
1.590818658744369909e-02
1.588400859597646417e-02
1.588262004699714236e-02
1.583994683826308800e-02
1.582271823642808842e-02
1.581666823532320784e-02
1.579830749657473374e-02
1.577993404136937214e-02
1.574755426702608221e-02
1.574511024933642964e-02
1.573884196044085179e-02
1.569736186375919607e-02
1.569781184871262697e-02
1.567739079578104808e-02
1.565364854895470725e-02
1.563055621052975019e-02
1.561964167739281380e-02
1.559227160150240994e-02
1.554621966182070242e-02
1.557088202886105013e-02
1.554261150346053846e-02
1.552221709081601925e-02
1.550590689294040203e-02
1.549392655871050135e-02
1.548049743231497480e-02
1.546814389008203255e-02
1.545037696706856069e-02
1.543831714696646852e-02
1.542164941184490448e-02
1.539304206415475530e-02
1.540831396004887707e-02
1.537695977959536477e-02
1.536040122392113259e-02
1.535268721427255484e-02
1.533690833174316745e-02
1.531195213103633476e-02
1.530261217159202373e-02
1.529696039732791023e-02
1.527179688114873625e-02
1.526484649327254639e-02
1.524642104991226488e-02
1.522313336657728222e-02
1.522785376528735211e-02
1.520722805282580595e-02
1.519854432585353646e-02
1.517265984191821376e-02
1.516577156823864514e-02
1.515876480049180471e-02
1.513088856193565979e-02
1.514314854528732608e-02
1.510118635672473564e-02
1.511352050151609089e-02
1.508108242888918198e-02
1.508463623453890935e-02
1.506557577975585135e-02
1.505141260386807199e-02
1.504620353406863932e-02
1.503143194382508367e-02
1.501258042875208872e-02
1.500889135128678949e-02
1.499075085359686914e-02
1.499066866577385485e-02
1.497582049516146818e-02
1.496904728722251061e-02
1.495535882792162381e-02
1.496316453380632829e-02
1.494019478838333123e-02
1.490826185438558910e-02
1.490901737100260721e-02
1.489270699048738343e-02
1.488223706349775174e-02
1.486245229210102214e-02
1.486819602471001200e-02
1.484096741365146209e-02
1.482783213765276678e-02
1.483059273670221147e-02
1.481983596375379374e-02
1.480483014727691608e-02
1.479300695142435514e-02
1.479517471764660481e-02
1.477493345179779066e-02
1.475827212858119714e-02
1.476425566559958630e-02
1.475458920091212225e-02
1.474594803593918917e-02
1.473120022230519494e-02
1.470586223511058735e-02
1.469449808508782249e-02
1.470478930410198427e-02
1.469129346684736742e-02
1.466492959437613007e-02
1.467191250813556190e-02
1.465059733185582538e-02
1.464981340223220699e-02
1.464656732201263974e-02
1.462700197467591522e-02
1.462711005270882561e-02
1.462251799666283714e-02
1.462382629853924317e-02
1.458992063720336921e-02
1.458247705407351470e-02
1.458705702523316154e-02
1.456824971870435484e-02
1.456668191661913275e-02
1.455564168142433647e-02
1.453064608214768745e-02
1.453556439527003627e-02
1.452896269219564919e-02
1.452083057657018068e-02
1.451312428100514154e-02
1.449487952258950857e-02
1.452151354622586640e-02
1.446999945332056413e-02
1.447107712041118162e-02
1.448380131648106112e-02
1.445813681916361705e-02
1.443574505838604582e-02
1.444053311670522553e-02
1.444036024762038704e-02
1.443839900217905661e-02
1.443525000257852610e-02
1.441117157618665781e-02
1.439757021436813451e-02
1.439538360907958309e-02
1.438610078725116245e-02
1.438989379710913820e-02
1.439057581383221956e-02
1.437888469848179473e-02
1.436801120767113374e-02
1.436410438336298105e-02
1.436410154059841564e-02
1.435417791795052384e-02
1.434553917887771216e-02
1.433755707938201736e-02
1.433632380404359016e-02
1.431985715443190310e-02
1.430733136492530304e-02
1.431347364085743153e-02
1.429934344884610520e-02
1.429119439862534639e-02
1.429006094140876197e-02
1.428785763714395668e-02
1.427073406981315372e-02
1.426443810334908704e-02
1.427373260086747982e-02
1.427363171409480949e-02
1.425091394161928128e-02
1.423800376405615943e-02
1.422909885912598295e-02
1.423302644718728305e-02
1.421352605541755312e-02
1.420676271559414075e-02
1.419816763017572002e-02
1.420910824661862464e-02
1.419731451917863492e-02
1.419635447478312211e-02
1.417884006427076737e-02
1.418329950026096971e-02
1.419413490583395186e-02
1.416509705986046877e-02
1.416607999833980995e-02
1.417172803476586702e-02
1.414614548965240082e-02
1.414058396932920021e-02
1.413425043069138458e-02
1.414075144566595554e-02
1.412854462577598814e-02
1.411628080420419123e-02
1.412040275426771144e-02
1.410342648090002864e-02
1.409724850938125565e-02
1.409761061540576108e-02
1.409624806956616752e-02
1.410782302752092501e-02
1.407492625621889135e-02
1.406751398462802172e-02
1.406972693045160754e-02
1.405660235350895786e-02
1.405473806320907057e-02
1.405974167599872635e-02
1.404404164080000524e-02
1.404766576130411608e-02
1.404046360612428573e-02
1.403804610742668754e-02
1.403578829360445542e-02
1.402922774508907726e-02
1.401383057933769209e-02
1.402064800070052138e-02
1.400829974316551360e-02
1.402191520308863730e-02
1.398436019188741171e-02
1.399151447597155040e-02
1.398745078515417628e-02
1.398340158699872167e-02
1.398192213229210515e-02
1.396367463707076303e-02
1.396327767058270011e-02
1.396326572651010109e-02
1.396447993413416945e-02
1.396422702846992873e-02
1.395026312354662179e-02
1.392894479568802281e-02
1.393597768508120921e-02
1.394390761238818374e-02
1.393536517876172408e-02
1.392742612505119652e-02
1.393249039231481655e-02
1.391261161450006723e-02
1.391786964565604710e-02
1.391394231482380971e-02
1.388731668982097142e-02
1.389551544868705170e-02
1.391134199457700303e-02
1.387616808799480191e-02
1.390331772763928921e-02
1.387197400365181021e-02
1.388240824063157949e-02
1.386175174433403393e-02
1.387162591626276559e-02
1.386795098988149663e-02
1.385679548678774714e-02
1.385822434056394048e-02
1.385696767968778130e-02
1.384825842360224227e-02
1.383511060542109115e-02
1.384350173189276799e-02
1.383312427700904290e-02
1.382107848948436503e-02
1.381967809820871217e-02
1.383306014680576838e-02
1.382048649875123637e-02
1.381466760506440752e-02
1.379084821740265802e-02
1.381043101379279825e-02
1.379895774357600864e-02
1.380175979205680407e-02
1.378800955456040145e-02
1.378012420665361212e-02
1.378809996743959702e-02
1.378515213281808482e-02
1.377926374824639533e-02
1.376119650576910526e-02
1.376720990087770130e-02
1.376928122781083223e-02
1.376192752706879678e-02
1.375607594646914913e-02
1.376074820360960634e-02
1.374525017896945957e-02
1.373185511834607193e-02
1.373235552856129880e-02
1.374240702821198298e-02
1.373505298868044761e-02
1.373697893309245265e-02
1.373134002864673069e-02
1.372694040921901455e-02
1.373144827468019552e-02
1.372250391471528663e-02
1.372042583011670765e-02
1.371494243702221089e-02
1.370488841945450426e-02
1.370188433671381233e-02
1.369530472815215158e-02
1.368921969649186665e-02
1.369328016392931321e-02
1.370169020475384657e-02
1.369968938646826985e-02
1.367941333683664849e-02
1.368453831434205195e-02
1.368036568178767308e-02
1.368060479746451182e-02
1.367179649703561574e-02
1.367102907050378631e-02
1.366018313108692366e-02
1.366741020332821153e-02
1.366289784646632088e-02
1.365784061222175515e-02
1.364738189526080656e-02
1.364836057168459550e-02
1.364819711481338183e-02
1.364162425555199600e-02
1.364697848480127956e-02
1.363964997020042542e-02
1.363337431298178477e-02
1.362485023324160396e-02
1.362130590881817718e-02
1.362457505112212724e-02
1.362546835607754241e-02
1.361079037769468911e-02
1.360931941921527180e-02
1.360954590487533679e-02
1.360959122738170796e-02
1.361138003733299018e-02
1.358220117685279144e-02
1.359176561152729799e-02
1.359117525200287044e-02
1.359385711386308995e-02
1.357962361475575398e-02
1.358492933994460278e-02
1.358040426941421221e-02
1.357353893861531526e-02
1.357670827604227914e-02
1.357985758097162050e-02
1.355788423637943260e-02
1.356800793932226579e-02
1.355743904745842013e-02
1.357118084100995305e-02
1.355133190455506259e-02
1.356068750268997133e-02
1.354109749133826889e-02
1.355179417794737627e-02
1.354743887720529123e-02
1.354422727822811312e-02
1.352969436379272174e-02
1.354524359514122644e-02
1.353574177239112546e-02
1.352792998363158000e-02
1.352443156936791561e-02
1.351895892482340121e-02
1.351962498567641467e-02
1.351861747310770072e-02
1.351205588731089341e-02
1.351535114219891767e-02
1.351782411732850402e-02
1.353075068087099611e-02
1.349981852059815857e-02
1.348422425673594278e-02
1.350254523302958296e-02
1.349351727710423367e-02
1.349484254006564146e-02
1.348684075104440716e-02
1.348290321958100710e-02
1.347782548508623564e-02
1.347956228039288822e-02
1.345927237315538462e-02
1.348340481695367750e-02
1.348115840695329921e-02
1.347257359954389007e-02
1.347264993383722083e-02
1.346615547227846162e-02
1.346702305990421858e-02
1.345375961621297564e-02
1.345930444243960758e-02
1.345729864548200240e-02
1.345520495286512547e-02
1.344696530782266315e-02
1.343835123764451460e-02
1.344791462248983056e-02
1.343764360955063131e-02
1.344537272251874679e-02
1.344902676245766406e-02
1.344026286227483630e-02
1.343023788998137617e-02
1.343410075182084086e-02
1.343473683886542251e-02
1.342206883305561115e-02
1.341962237761517608e-02
1.342694849419981927e-02
1.342111958949241020e-02
1.342530021427232670e-02
1.342908726045917607e-02
1.340777483283581151e-02
1.340765733910378836e-02
1.341202725310570130e-02
1.340133456853469414e-02
1.340072094407044126e-02
1.340174918832580907e-02
1.340731791106281393e-02
1.339665062524779751e-02
1.339763148219330277e-02
1.338577957288501590e-02
1.338454313341996653e-02
1.338911981776379038e-02
1.338754197259149105e-02
1.338639917984203384e-02
1.339704765377755860e-02
1.338246318199365001e-02
1.337979130117880784e-02
1.336737343216102929e-02
1.337299264220152828e-02
1.336541964357417650e-02
1.336845961918017162e-02
1.337814391214222146e-02
1.336397793670993615e-02
1.335503113411456132e-02
1.336412562035068849e-02
1.335618289154089783e-02
1.335782056373215065e-02
1.335228349271782439e-02
1.335715858090088907e-02
1.337370984284151458e-02
1.335297348702739126e-02
1.334968776495090020e-02
1.335124427753829612e-02
1.333974745796580666e-02
1.334311221698354817e-02
1.333998163888777504e-02
1.337241684504879465e-02
1.333458717664268676e-02
1.333073117285074605e-02
1.333660337917818954e-02
1.331954635679721832e-02
1.331860570705490146e-02
1.332420066715647548e-02
1.333132043723463112e-02
1.332017245512834985e-02
1.331520747131260951e-02
1.331809403104317231e-02
1.331224464630139347e-02
1.330820162512897330e-02
1.330980876443941044e-02
1.330684769681158598e-02
1.330093256181139397e-02
1.330712661188943394e-02
1.333142328912581900e-02
1.328663967206828757e-02
1.329365693322734181e-02
1.329010350819297831e-02
1.328527745804721459e-02
1.328824215825134131e-02
1.328523485910169770e-02
1.329303777241287558e-02
1.327554767527533777e-02
1.327595128510481934e-02
1.328548917848014488e-02
1.328642484955043501e-02
1.327020204402952486e-02
1.327817949109493315e-02
1.326876837818766197e-02
1.325966326330236394e-02
1.327840398375257185e-02
1.327082673701162133e-02
1.327493956694546749e-02
1.326484199959093203e-02
1.327175571315525847e-02
1.326331548381619145e-02
1.325121253567139966e-02
1.325960120138807048e-02
1.325090650418873743e-02
1.325588119021075921e-02
1.325806684535509733e-02
1.325711135509909100e-02
1.324700746785648607e-02
1.324298115681388395e-02
1.323518521029747562e-02
1.323701624485279331e-02
1.324776231735097162e-02
1.323768425479107495e-02
1.323441830240636163e-02
1.323510126439397284e-02
1.322952634376100070e-02
1.323045705776929384e-02
1.323192424913254873e-02
1.322419826892165529e-02
1.322878715735553365e-02
1.322644184800812923e-02
1.321840925214667201e-02
1.322155343340765572e-02
1.321430581421061470e-02
1.320945100111518833e-02
1.319749296425345476e-02
1.320551902273234789e-02
1.320595990498354966e-02
1.320429363087221100e-02
1.319936516870393213e-02
1.321112526396657494e-02
1.319863579185780005e-02
1.320173952820526825e-02
1.319808216729273856e-02
1.320600856867936747e-02
1.319461892648951355e-02
1.319000517118521475e-02
1.320102962269308240e-02
1.319538449874136689e-02
1.319162075513761849e-02
1.318650822222098944e-02
1.318192729185485926e-02
1.319112258888000336e-02
1.318859312582961775e-02
1.318527799459386259e-02
1.317602269557823294e-02
1.317718938344386928e-02
1.317646206443025096e-02
1.329400455425800223e-02
1.322123058513922228e-02
1.318263822628330112e-02
1.317422807392312940e-02
1.317350187653976851e-02
1.317076012073921214e-02
1.315794142610030894e-02
1.316072648700638940e-02
1.316808554145903511e-02
1.315787350995923331e-02
1.316501745887234572e-02
1.316512945041194323e-02
1.316072286976623963e-02
1.315322322603649716e-02
1.314418125356698122e-02
1.314423997917151150e-02
1.314984770870940463e-02
1.315394906232323149e-02
1.314745074441979987e-02
1.314985242875817140e-02
1.314325777473608452e-02
1.313743242662132257e-02
1.314483900710628102e-02
1.315615525396685720e-02
1.313588005618867086e-02
1.314238823314537591e-02
1.312758109788828703e-02
1.313251305739590591e-02
1.313817471092912532e-02
1.311994466057861408e-02
1.312176027881751215e-02
1.313637836674551827e-02
1.312849929829512825e-02
1.312437901778068516e-02
1.312416623078821974e-02
1.311774513806902333e-02
1.312304025552163064e-02
1.311087658110180604e-02
1.311279551410478826e-02
1.311026943964649534e-02
1.311830235896130174e-02
1.310533498243768996e-02
1.310209579163504161e-02
1.311641703582853979e-02
1.311401081129261702e-02
1.309805322845583597e-02
1.309946020103121105e-02
1.309908481878033215e-02
1.310317632379735288e-02
1.310230180004912787e-02
1.310074100728163445e-02
1.309483871561012251e-02
1.310146964799255818e-02
1.309040763058482229e-02
1.309292737609277398e-02
1.308992215359728456e-02
1.309356958714096367e-02
1.309421146637062931e-02
1.308143481857583848e-02
1.309272615116334991e-02
1.308030466281412917e-02
1.308341123356099138e-02
1.308411265539373425e-02
1.307797929255325245e-02
1.308953828836406479e-02
1.307037826711144636e-02
1.307355827222505748e-02
1.306883867657157756e-02
1.307619050490909686e-02
1.307293693716275219e-02
1.307299343066033528e-02
1.306770652641324817e-02
1.306196642847185126e-02
1.306519427888853772e-02
1.306942455096917616e-02
1.306198053285033411e-02
1.305654594844798261e-02
1.305253204295668198e-02
1.305262352518380374e-02
1.305977333459757729e-02
1.305996748259079070e-02
1.305719279380191701e-02
1.305849104074058645e-02
1.305624204241631614e-02
1.305426025908150434e-02
1.304337047430837240e-02
1.305051006496644149e-02
1.305386722283047481e-02
1.305050969411044627e-02
1.303940795886213144e-02
1.303873713543739037e-02
1.304186292028913438e-02
1.304012150113320265e-02
1.305135473898963276e-02
1.305438891613666316e-02
1.303881327245206070e-02
1.303191076124834286e-02
1.304013440929197021e-02
1.303448552170958022e-02
1.303061723157005088e-02
1.303115579115594891e-02
1.302694416225714906e-02
1.303891506057210277e-02
1.303260996282479961e-02
1.302755814154414951e-02
1.302877669836098942e-02
1.302658793276655416e-02
1.303358040513013551e-02
1.303435142032110562e-02
1.302080016309942016e-02
1.302183374363795158e-02
1.302686351083754378e-02
1.302460120561460197e-02
1.300971632374417139e-02
1.302150334022426220e-02
1.302151864221665241e-02
1.308234582563114895e-02
1.300747291196115325e-02
1.302246506880790425e-02
1.301677856862009687e-02
1.301540275143381331e-02
1.301109062822836809e-02
1.301196106698386361e-02
1.300816047061123179e-02
1.300602412467521257e-02
1.299657585854993407e-02
1.300590585158792160e-02
1.301136748407950676e-02
1.299951644335499770e-02
1.299401033811918051e-02
1.299317720664029327e-02
1.299778166963177876e-02
1.300000047456183194e-02
1.299704828377656884e-02
1.299553354686226563e-02
1.299915999149022471e-02
1.299293775496234739e-02
1.298918374493428229e-02
1.299134828150272369e-02
1.298762244119414794e-02
1.298545771292382821e-02
1.298906189085592168e-02
1.298664450648235116e-02
1.298558177261942281e-02
1.298893345826623337e-02
1.298088194874901652e-02
1.298589824174647966e-02
1.298027339567079004e-02
1.300123629779248099e-02
1.298651758171506451e-02
1.298238160674220452e-02
1.297905026658990185e-02
1.297623966750828355e-02
1.297509369529605341e-02
1.298282034262947943e-02
1.296483395930691888e-02
1.296299743231854422e-02
1.297472469218655285e-02
1.296697065936858705e-02
1.296732096283133295e-02
1.298864649658922239e-02
1.296822116835723120e-02
1.294998404107050929e-02
1.295856375269547126e-02
1.296344787735648207e-02
1.295671593411797627e-02
1.295901685228158587e-02
1.295935204475671954e-02
1.295687999188743778e-02
1.295788582305641354e-02
1.295464709861215112e-02
1.295302777751878784e-02
1.294982310351051186e-02
1.296535726848565932e-02
1.295699556581229872e-02
1.294715407591670066e-02
1.295347565305447236e-02
1.294761646851272721e-02
1.294796097560780082e-02
1.294824413391956752e-02
1.294444833218516035e-02
1.294478455566784418e-02
1.294214405610175957e-02
1.294063888894516658e-02
1.294055216789557865e-02
1.294568263713694219e-02
1.293295688096233152e-02
1.292979438694383601e-02
1.293120824754193446e-02
1.292757932264023205e-02
1.293024763570886464e-02
1.292935795566167549e-02
1.293730648432462292e-02
1.293460348646106352e-02
1.293200988135674231e-02
1.292995057866245037e-02
1.292388619085450309e-02
1.292635110753426707e-02
1.292338172074206613e-02
1.292066401341918948e-02
1.292221928168712716e-02
1.292814853988744073e-02
1.292135881561183586e-02
1.292214709024564097e-02
1.292852801758751294e-02
1.291284261098477222e-02
1.291916154542502825e-02
1.291499737145457294e-02
1.291398728729231324e-02
1.292039610900007178e-02
1.291599008394126412e-02
1.291876489332804620e-02
1.291814356384252301e-02
1.291547044219371054e-02
1.290823857740549217e-02
1.291616998813644931e-02
1.290682653274699380e-02
1.290601057915050434e-02
1.290602948304689530e-02
1.291084520011292688e-02
1.291898295177358776e-02
1.290469516827139236e-02
1.290016676631092554e-02
1.290611042236786653e-02
1.290022192207795210e-02
1.290364117531696969e-02
1.290691084323261281e-02
1.290010917836989859e-02
1.289916162736000002e-02
1.290256344688175093e-02
1.289911397306170437e-02
1.288936793257644021e-02
1.290157109618878493e-02
1.290456175352418765e-02
1.290088535208411269e-02
1.288954423626182191e-02
1.289428590969768189e-02
1.289501410078056597e-02
1.288439192903969785e-02
1.288477019657810300e-02
1.288664580913940864e-02
1.288714723642023219e-02
1.288445511328134563e-02
1.288171056769565198e-02
1.289161790335205220e-02
1.287852426569819665e-02
1.288228001707640569e-02
1.287524962956699236e-02
1.287774067695537060e-02
1.287574567246490588e-02
1.287627183068209072e-02
1.288460481850552987e-02
1.287930763555233428e-02
1.287820551706154483e-02
1.287628073401436875e-02
1.287359999587569734e-02
1.286929485270987654e-02
1.286779625569944331e-02
1.287489709748278720e-02
1.286523469548092428e-02
1.286820807594605230e-02
1.287058936111339091e-02
1.287414675193677104e-02
1.286456450362673080e-02
1.285814801454097933e-02
1.285697506046379855e-02
1.286024736619727389e-02
1.286078494845214679e-02
1.286865450151844677e-02
1.286600168005278856e-02
1.285754595980784232e-02
1.286706559689057387e-02
1.286327049783068423e-02
1.286107812405837096e-02
1.287439682320161774e-02
1.285798384453878257e-02
1.285348292217104726e-02
1.285342527497671319e-02
1.285578348202641961e-02
1.287411858291437686e-02
1.285352426355225106e-02
1.285756686646602823e-02
1.284799954301850573e-02
1.284243229812869966e-02
1.285213992155776093e-02
1.285700429674282649e-02
1.285037891953224286e-02
1.284990739356168740e-02
1.284864984040042651e-02
1.284571481355560769e-02
1.284285237828637627e-02
1.284293899686259760e-02
1.284598638610300915e-02
1.284429823288214464e-02
1.283517772329045500e-02
1.284286710099055012e-02
1.283919393408396691e-02
1.284352628636859818e-02
1.284463094090094841e-02
1.283733912989006368e-02
1.283700767037330472e-02
1.283795170591932149e-02
1.283311196268274029e-02
1.283695990732776175e-02
1.283292018691311979e-02
1.283757019408805593e-02
1.283736691062901947e-02
1.283398679385106683e-02
1.283197716703850418e-02
1.283467072480453004e-02
1.282801566238397917e-02
1.283489878520838005e-02
1.282904703939657075e-02
1.281698169130943490e-02
1.282549588759792324e-02
1.282314205204811500e-02
1.282277297225786414e-02
1.281451877739146587e-02
1.283478566925013407e-02
1.283822399159770776e-02
1.281869752140169134e-02
1.281330438503649853e-02
1.281954146207806532e-02
1.281718985724101222e-02
1.281320127940173415e-02
1.282209427441710105e-02
1.282052764345607311e-02
1.281472479277652975e-02
1.281018313132003400e-02
1.281964933725553493e-02
1.282153097762096100e-02
1.280518557143001633e-02
1.281805251499158402e-02
1.281487942927009467e-02
1.281706094574517826e-02
1.280981848228299018e-02
1.280960325335715744e-02
1.281200093426323322e-02
1.281264521917718606e-02
1.291845631674155143e-02
1.289397795771075710e-02
1.284180927190728926e-02
1.282610876477340185e-02
1.281234666825032363e-02
1.280825361009954935e-02
1.280609478903543992e-02
1.280077051268165532e-02
1.280586742572932535e-02
1.280141283038579818e-02
1.280848545295571080e-02
1.280435586688359779e-02
1.279784268685644523e-02
1.280072480816572475e-02
1.279152930201126089e-02
1.279864947570900566e-02
1.279682270111794952e-02
1.280117965398166677e-02
1.280038516681284398e-02
1.280004067156843145e-02
1.279446295417934441e-02
1.279877992988212761e-02
1.279364537843642562e-02
1.278900673046908833e-02
1.278859496180771195e-02
1.279184969370727488e-02
1.278772281307147089e-02
1.278784540816472332e-02
1.279204605080321196e-02
1.278415031962565167e-02
1.279116604926098036e-02
1.278735827417586991e-02
1.282405196396288298e-02
1.280518098870950423e-02
1.279084458612574776e-02
1.278776711851224539e-02
1.278951221067614608e-02
1.279068295983318802e-02
1.278849742040707310e-02
1.277887903245913254e-02
1.278027745931336820e-02
1.278278306210246275e-02
1.278381800337577423e-02
1.277327601809032272e-02
1.278401297045882699e-02
1.278298052688670201e-02
1.277345896581421995e-02
1.278243495868017048e-02
1.277714949881959133e-02
1.277458843284336697e-02
1.277360902795244592e-02
1.278059625047298087e-02
1.277395122835111446e-02
1.277673805570285655e-02
1.277293102930071242e-02
1.277092230522971703e-02
1.277363778462823132e-02
1.277599295930278815e-02
1.276768497149543755e-02
1.277001125565144397e-02
1.277093829386337712e-02
1.277173580852766603e-02
1.276896937337598098e-02
1.276285597123205662e-02
1.277218786595266629e-02
1.276980513430752556e-02
1.276631273739151431e-02
1.277025815233320469e-02
1.276225106955176936e-02
1.276115763411037399e-02
1.276221135589377872e-02
1.276249565814292775e-02
1.276043386193003414e-02
1.275942091478737481e-02
1.276307907527100653e-02
1.275807225025498738e-02
1.275538582170750168e-02
1.275525425078380751e-02
1.276181356613328988e-02
1.275174439156952222e-02
1.276509770719211866e-02
1.276987643276681489e-02
1.276459376617686096e-02
1.276190920166872002e-02
1.275781079817251036e-02
1.275503658131880297e-02
1.275401119237576028e-02
1.275693233233659088e-02
1.275051487637627982e-02
1.275168227249321405e-02
1.274902603943123963e-02
1.274482095906856634e-02
1.275352626609543502e-02
1.274953740105189137e-02
1.274627172262658877e-02
1.274819564963774673e-02
1.274855614745777459e-02
1.274137251555897306e-02
1.274760368539433128e-02
1.274582819698077268e-02
1.275129618560951091e-02
1.274427633682366327e-02
1.274199412667198147e-02
1.274625197942452423e-02
1.274355587097788199e-02
1.273960438431491655e-02
1.273404641849306719e-02
1.273515431452988678e-02
1.274592791541763991e-02
1.273559763592606482e-02
1.273507684605854236e-02
1.274549985627928227e-02
1.273854861376126808e-02
1.274069152496375840e-02
1.273078461314278327e-02
1.273655503832116058e-02
1.274325141772449446e-02
1.274410880541618565e-02
1.273705058279419287e-02
1.273312669911025839e-02
1.273586368188261986e-02
1.273531918302401450e-02
1.272597317277135952e-02
1.273397562682383223e-02
1.272444767197092146e-02
1.273318996560943855e-02
1.272882433666730484e-02
1.272471469107591506e-02
1.273072058750416950e-02
1.272884878039940056e-02
1.272317835110278739e-02
1.272557849136967539e-02
1.272610882032261179e-02
1.273063016347140974e-02
1.272881700877591046e-02
1.272254010793490847e-02
1.272235709538092202e-02
1.272710620406122817e-02
1.272451427059727649e-02
1.272481001291736295e-02
1.271990905752862742e-02
1.272557402018479993e-02
1.271609396919117299e-02
1.272506730332636019e-02
1.272374587021991160e-02
1.271905415080777646e-02
1.272387854674061382e-02
1.271921896353408674e-02
1.271756874497779154e-02
1.271918943307981560e-02
1.271529124302421543e-02
1.271426921688064912e-02
1.271210689847720142e-02
1.271498005998928683e-02
1.271244892529853343e-02
1.271528540273938676e-02
1.271282622944786694e-02
1.270904731351190677e-02
1.271306197605134858e-02
1.270753399240310243e-02
1.271123194740806338e-02
1.270438128633391214e-02
1.271033579968808280e-02
1.270967542575839569e-02
1.270866793898229805e-02
1.271355338394641876e-02
1.271245132122345023e-02
1.270890077868822195e-02
1.270363895044087678e-02
1.270986258883229948e-02
1.271583737587991293e-02
1.270627385719183024e-02
1.269965771861753662e-02
1.270321478250207789e-02
1.269884874157518363e-02
1.270488523641143987e-02
1.269335020891206728e-02
1.270172849902604338e-02
1.270235233527502311e-02
1.270354227971530990e-02
1.270144800502182383e-02
1.269711372247356133e-02
1.270057938360012392e-02
1.270022408822049469e-02
1.270012060545585610e-02
1.269050773015680846e-02
1.269535052110468999e-02
1.269730161471169759e-02
1.269980053372770333e-02
1.270440161091548718e-02
1.269806112291034864e-02
1.270201441226805929e-02
1.270005570495958379e-02
1.269527019104713973e-02
1.269854847021111011e-02
1.270891781087719365e-02
1.268830223003413436e-02
1.269305489670128316e-02
1.268534426379413528e-02
1.269668789613925125e-02
1.268962778089690636e-02
1.269508348457225322e-02
1.269111180577627875e-02
1.269451604631846586e-02
1.268736703368740330e-02
1.268677956990696930e-02
1.269285362715760410e-02
1.268905147765121699e-02
1.268727269475376264e-02
1.269008445241181712e-02
1.269608812997797924e-02
1.269640553600439280e-02
1.269190016685020281e-02
1.268343840904176921e-02
1.268745593665290307e-02
1.268743663471370506e-02
1.268899363526951839e-02
1.268347564033472409e-02
1.268281613986850000e-02
1.268027371637701559e-02
1.267982652608840542e-02
1.268339028977928488e-02
1.268988911656406329e-02
1.267822591788665340e-02
1.268711912481973111e-02
1.268022358319917386e-02
1.268331415415881007e-02
1.267758775000532925e-02
1.267171363990396947e-02
1.267647900420637054e-02
1.268015389852114247e-02
1.267614916265345434e-02
1.267069007944828657e-02
1.266972615430968056e-02
1.268190778039038867e-02
1.267200514317272722e-02
1.267365765378637536e-02
1.267148618667224801e-02
1.266868171717101636e-02
1.268032680734055076e-02
1.267414110291660047e-02
1.267080358787255751e-02
1.267693395807246125e-02
1.267117867385689732e-02
1.267322198373494260e-02
1.266529045589156674e-02
1.267420314112957004e-02
1.267218118823484722e-02
1.266383259309020702e-02
1.267306131176918274e-02
1.266708602908507911e-02
1.267058868309717083e-02
1.266671630587361957e-02
1.266426270796978774e-02
1.266451947764677538e-02
1.266835628964096093e-02
1.267007682723422617e-02
1.266115386329011265e-02
1.266314943800652369e-02
1.266168246832034827e-02
1.266286440031926495e-02
1.265692313182206763e-02
1.265972310574000302e-02
1.265277877494603610e-02
1.265509450434523092e-02
1.265948739329431083e-02
1.265927777391395552e-02
1.266011499805364850e-02
1.265934948017541882e-02
1.265548527781701002e-02
1.265200689047418781e-02
1.265690614564154645e-02
1.266068046003535411e-02
1.265788422186418447e-02
1.266138002270843742e-02
1.265672551228213052e-02
1.265997663948930339e-02
1.265317568845466915e-02
1.265892303202992807e-02
1.265606251656786058e-02
1.266174417332060174e-02
1.265335048571184298e-02
1.265611290139798638e-02
1.265249708890468783e-02
1.265813056017065820e-02
1.264948945514813086e-02
1.265582878806232291e-02
1.265631902971288240e-02
1.265299706413092716e-02
1.264182904813282438e-02
1.265269842327845611e-02
1.266679951982450057e-02
1.265660383526659612e-02
1.264782255225463566e-02
1.265081710009250023e-02
1.264914202163676220e-02
1.264981076631605840e-02
1.265090897896823351e-02
1.265107187955545436e-02
1.264035703564163164e-02
1.264755104802281135e-02
1.265248522639252256e-02
1.265001187622435616e-02
1.264907719991253607e-02
1.264976851661650525e-02
1.264092139272342784e-02
1.264262832784857939e-02
1.264357080747245156e-02
1.263581560701577955e-02
1.263994209100297028e-02
1.263981018407816896e-02
1.264043825310459668e-02
1.264521178111857776e-02
1.264433243624241490e-02
1.264279362993749913e-02
1.264689565206805408e-02
1.263845076960160192e-02
1.263419818133115768e-02
1.264258714331436585e-02
1.263946864801364194e-02
1.263084081503490150e-02
1.263540870200530360e-02
1.263197878944481191e-02
1.263797594775295172e-02
1.265491854084354467e-02
1.264098483070865038e-02
1.263193444357236898e-02
1.263548673094322741e-02
1.263288748143854244e-02
1.262891086161382036e-02
1.263550389627786548e-02
1.263106451300112336e-02
1.263195439450955776e-02
1.262868762024661577e-02
1.263277034880314585e-02
1.262930035242576694e-02
1.263561368777701109e-02
1.263338899167399526e-02
1.263585336113203644e-02
1.263226607527226895e-02
1.262692407660275483e-02
1.263290228918863972e-02
1.262792979275060429e-02
1.263217020481490274e-02
1.263224864225210090e-02
1.262625818723578548e-02
1.262895797496427393e-02
1.262848853401304407e-02
1.262296583366853513e-02
1.262257658962918742e-02
1.263439859553591553e-02
1.262842438359393533e-02
1.261938387363546743e-02
1.262017638801769988e-02
1.262752302088579470e-02
1.262208883382915335e-02
1.262475905067170223e-02
1.262182500673469064e-02
1.261571710050931466e-02
1.262120632064378176e-02
1.261586382354938640e-02
1.262343886815859087e-02
1.261686878055780225e-02
1.263159726227739560e-02
1.262416569571830557e-02
1.261991285091589553e-02
1.261863044482616769e-02
1.262259077835649682e-02
1.263102868008622592e-02
1.261188318635041508e-02
1.261571493323245495e-02
1.261125594059641156e-02
1.261987166429038958e-02
1.261559394494948284e-02
1.261833363176395953e-02
1.261202800073688880e-02
1.261431197594003670e-02
1.260953239432932062e-02
1.261406821828937874e-02
1.260784759275436831e-02
1.261748637220526728e-02
1.261663990733799361e-02
1.261535628132722832e-02
1.261586140880283091e-02
1.262078204326063866e-02
1.260632020212196919e-02
1.261065173949934767e-02
1.260975229729546961e-02
1.261311260325287571e-02
1.261012526549688817e-02
1.260651334490024700e-02
1.260573614366397241e-02
1.261228219533484102e-02
1.260636949529704044e-02
1.260989994399004145e-02
1.260567517479892728e-02
1.260981272800106197e-02
1.260663926027001322e-02
1.260968990635104488e-02
1.260434277285961240e-02
1.260917879707977411e-02
1.260352192424282411e-02
1.259960009839140339e-02
1.260635036763227586e-02
1.261109945121706433e-02
1.260821897575553630e-02
1.260297456449511154e-02
1.260366929000700763e-02
1.260277140999915488e-02
1.260596589592402617e-02
1.260395375119444106e-02
1.261110086841676046e-02
1.260911052751014644e-02
1.259840350782130691e-02
1.260360330622085565e-02
1.260080133442081050e-02
1.260252899844422486e-02
1.259927277475550791e-02
1.259530218831168662e-02
1.260592491912493861e-02
1.260036618858687354e-02
1.259585349990646058e-02
1.260341398353816665e-02
1.260755599328612295e-02
1.259492449448471919e-02
1.259773975715018819e-02
1.259596794732138064e-02
1.259330017241219908e-02
1.260145045510175331e-02
1.259230741600834980e-02
1.259182265145469999e-02
1.259751587236177493e-02
1.259466562724064452e-02
1.259075672000445865e-02
1.259392057406063560e-02
1.259268184811501365e-02
1.259287517004741182e-02
1.259609197007079476e-02
1.258288666433069088e-02
1.259866663642383866e-02
1.258918935709080894e-02
1.258730533055983473e-02
1.258726048417121643e-02
1.259115543690493381e-02
1.259279588842485663e-02
1.258925614184225848e-02
1.258897344361499873e-02
1.259555047361213612e-02
1.258635113202593095e-02
1.259405678904944315e-02
1.259677394008832697e-02
1.259054287412053261e-02
1.259101719824140021e-02
1.258935581636196760e-02
1.258633083323697048e-02
1.259448221036997030e-02
1.258606388314465439e-02
1.259134997875836770e-02
1.258274717786221110e-02
1.258957938257671688e-02
1.259526801588359453e-02
1.258902038687360544e-02
1.258460195138381282e-02
1.258681345003249963e-02
1.257822097942768412e-02
1.258718234927443634e-02
1.259271625964762838e-02
1.259426643213112235e-02
1.257967752959400845e-02
1.258815632377399858e-02
1.258282865394843783e-02
1.257882194529415763e-02
1.258336006479705838e-02
1.258453289200245004e-02
1.258014329474887831e-02
1.257944552431407292e-02
1.258330130991442211e-02
1.258092253987571491e-02
1.261046945122990849e-02
1.258171885344060333e-02
1.257835634535145117e-02
1.258230860997549064e-02
1.257971833420995500e-02
1.257685087286605080e-02
1.258080087122535363e-02
1.257996359410623252e-02
1.258135465124320812e-02
1.257395762099722779e-02
1.258125933776693336e-02
1.257674692095463696e-02
1.258087692528539296e-02
1.258101228075269272e-02
1.257818558429016527e-02
1.257739788964167688e-02
1.258197595214772396e-02
1.257570202233727029e-02
1.257597922604018065e-02
1.257127004293557594e-02
1.257454188788744744e-02
1.256965413831821234e-02
1.257249096570212978e-02
1.257788683399335000e-02
1.257493933188745701e-02
1.256554883703990891e-02
1.256986469878051092e-02
1.256771966840090383e-02
1.256642148001844463e-02
1.256626338104042603e-02
1.256991056223472417e-02
1.257132797106029660e-02
1.257487215257868836e-02
1.256609719224318841e-02
1.256053517907188694e-02
1.256780845704237419e-02
1.257941377430061257e-02
1.256956160835319414e-02
1.256489177780995524e-02
1.257096368590827039e-02
1.257339098719422767e-02
1.256463474811551038e-02
1.256956393596253378e-02
1.256259458702793652e-02
1.256485933697263843e-02
1.256430572216694561e-02
1.257892564694748465e-02
1.256445969781185869e-02
1.257110429679539863e-02
1.256292487820889238e-02
1.257110284613501168e-02
1.256611558586403707e-02
1.256216868052738647e-02
1.256514387693211457e-02
1.256667007692158222e-02
1.256715958313403027e-02
1.255959563980626331e-02
1.256098844456726184e-02
1.256292903918527527e-02
1.255465287946633084e-02
1.256027412154672729e-02
1.256188715133303019e-02
1.256014185770788424e-02
1.256536202251487370e-02
1.256017452022228052e-02
1.256475500584005624e-02
1.256013137405504083e-02
1.256623535910565519e-02
1.256500618061061857e-02
1.255840862038807432e-02
1.255671517410410394e-02
1.256754176975590463e-02
1.256294743350322256e-02
1.256094814046748893e-02
1.255669035393923091e-02
1.255424291768228451e-02
1.255789415737959720e-02
1.255607470858864476e-02
1.255579684821966913e-02
1.255651433118423754e-02
1.256172360523330651e-02
1.255711605758434192e-02
1.255163135394610219e-02
1.255684526787769623e-02
1.255383029647037622e-02
1.255464419084015466e-02
1.255351687854010939e-02
1.255728544118050148e-02
1.256039681074817317e-02
1.254983972771996602e-02
1.254475224291916845e-02
1.254661075776431801e-02
1.255010935327339344e-02
1.255502423528068873e-02
1.255347213950454288e-02
1.255315495306391811e-02
1.255032234381839654e-02
1.255069516493219524e-02
1.254856722041808315e-02
1.255206456881931103e-02
1.254490077283657197e-02
1.254973975484242714e-02
1.254708310143051730e-02
1.255352153585007936e-02
1.254899580028845038e-02
1.255011313642280350e-02
1.254705807492471556e-02
1.255165527973457935e-02
1.255063142301235911e-02
1.254937492246867813e-02
1.254727407972032818e-02
1.254378561373844722e-02
1.254772270672737181e-02
1.254307345172089166e-02
1.255522679166678687e-02
1.254558047449807340e-02
1.254736128037315865e-02
1.254694398930352069e-02
1.254833157349957880e-02
1.254230293425770415e-02
1.254722726681899853e-02
1.254990997495586923e-02
1.253972338961470770e-02
1.254051762791963918e-02
1.254741469200165195e-02
1.253642395562576048e-02
1.256586660625424144e-02
1.254744902336802671e-02
1.254749410328438557e-02
1.253766084541594640e-02
1.254444575065490411e-02
1.254746201517852218e-02
1.259298349624711662e-02
1.257017464167856785e-02
1.255424010001323677e-02
1.254813249632827712e-02
1.254439667706561817e-02
1.254133950405848970e-02
1.254791009217545369e-02
1.254469671350775563e-02
1.254663710596742518e-02
1.254059014351157318e-02
1.254217542671670974e-02
1.253176520893651419e-02
1.254255212857359990e-02
1.254061707657968226e-02
1.253884901853088638e-02
1.253698347066668599e-02
1.253845592860333182e-02
1.253197963968543868e-02
1.254424961453894788e-02
1.254166093164173733e-02
1.253636473926442348e-02
1.254188698022152236e-02
1.253360050485028895e-02
1.253816216325242400e-02
1.253677924961119419e-02
1.253745924544793881e-02
1.254055192931081107e-02
1.253380843655702535e-02
1.253839539054468939e-02
1.253766571046104235e-02
1.253107888484652523e-02
1.253405641304317954e-02
1.253778992072974649e-02
1.253319949658955601e-02
1.252711458483008258e-02
1.254326300653712742e-02
1.252656999744006412e-02
1.253546397745453067e-02
1.253780199306833015e-02
1.252713006806788557e-02
1.252779430601031960e-02
1.253129220721005063e-02
1.253390432025924990e-02
1.253324073201190353e-02
1.253483495688969239e-02
1.252318670538192687e-02
1.253089140250185883e-02
1.252561263477953990e-02
1.253292354069159356e-02
1.253809373056192535e-02
1.254121204601143548e-02
1.253434039532446732e-02
1.254791583138110955e-02
1.253391917680618875e-02
1.253003786000127587e-02
1.252285535112692555e-02
1.252856852575958205e-02
1.253113720055758738e-02
1.252535034896816966e-02
1.252353093328935872e-02
1.252070794294694173e-02
1.253811526321387676e-02
1.252581928661483483e-02
1.252538872210721618e-02
1.253316668350204846e-02
1.252792334228664851e-02
1.252858259179768889e-02
1.252913337290108634e-02
1.251949685622943606e-02
1.252593785527156625e-02
1.252105664378199389e-02
1.251987109314873364e-02
1.252249006215416099e-02
1.252607087546145359e-02
1.252388430642198229e-02
1.251760858646454484e-02
1.252041745534958513e-02
1.252177695835756527e-02
1.252233335458322223e-02
1.252093863071215667e-02
1.251793050550169782e-02
1.252307409342534594e-02
1.252220686410782449e-02
1.251811416147689468e-02
1.252054842049534801e-02
1.252029046366091684e-02
1.252092573649534434e-02
1.251788897450990985e-02
1.251689173855601370e-02
1.251780469609078787e-02
1.252646582663996186e-02
1.251911341831712585e-02
1.251500314882326298e-02
1.252041559549282694e-02
1.251686829585626701e-02
1.252567689046040628e-02
1.251467097547842230e-02
1.251956677234391385e-02
1.252205263402223802e-02
1.251657919618050056e-02
1.251904867397074690e-02
1.251935840704238544e-02
1.252564885597787572e-02
1.250897424468424939e-02
1.251299321180220601e-02
1.251240805890076538e-02
1.252278193837020638e-02
1.257056992188720565e-02
1.253438261295752518e-02
1.252358466105167600e-02
1.251586615721399579e-02
1.251890554795498899e-02
1.251082206047335332e-02
1.251313794532534288e-02
1.250884717770902287e-02
1.251088138488483902e-02
1.251082605832886524e-02
1.251044044965420911e-02
1.251327187801616440e-02
1.251370774604335448e-02
1.251283799811171542e-02
1.251054003564250512e-02
1.250881113705900119e-02
1.251395264554010407e-02
1.251162973324584232e-02
1.251824607676686914e-02
1.251133448168256085e-02
1.251176463281122343e-02
1.251234326157495830e-02
1.251475239231134018e-02
1.250670740135504874e-02
1.250693442238617371e-02
1.251480204658303973e-02
1.253265832219005102e-02
1.251467933507446548e-02
1.251110710513158968e-02
1.250812552679709394e-02
1.251075602370777147e-02
1.251357755746447011e-02
1.250911582593142515e-02
1.250204090990996060e-02
1.251223390924738679e-02
1.251030317368264679e-02
1.251106643087292018e-02
1.250553015873259906e-02
1.250922734553585464e-02
1.251061400607741264e-02
1.250165336888038083e-02
1.250533991797219378e-02
1.251017697180571188e-02
1.250052038987284342e-02
1.250944151626732538e-02
1.250870765429436260e-02
1.250723534623372941e-02
1.250370277906070852e-02
1.251063671194485409e-02
1.250678334945623180e-02
1.250962261877351656e-02
1.250156832992762798e-02
1.249988859695031103e-02
1.250481442618044288e-02
1.250552772028472141e-02
1.250422794042813264e-02
1.250727851610229299e-02
1.249979415205781409e-02
1.250320825792715189e-02
1.250450547455536805e-02
1.252460179635753006e-02
1.251047033353703056e-02
1.250214671470715674e-02
1.250314592414474187e-02
1.250579750895901635e-02
1.250353959684600419e-02
1.249800031533475873e-02
1.249684356738573442e-02
1.250306274574584584e-02
1.249935949349519418e-02
1.249583167634614467e-02
1.250943183218558401e-02
1.250631696249018127e-02
1.250207736533313560e-02
1.249653671541903731e-02
1.249765689780344552e-02
1.249832256619043402e-02
1.250140148934400681e-02
1.250121245665397618e-02
1.248978364872495132e-02
1.249363949706409904e-02
1.249017703422194633e-02
1.249610539107488642e-02
1.250017194208426913e-02
1.249563625893795361e-02
1.249777834477672732e-02
1.249710821008454681e-02
1.249609268925704758e-02
1.250342218746280584e-02
1.249130581321562794e-02
1.249877526145986087e-02
1.249356202162177701e-02
1.249776042797072842e-02
1.249459736581757900e-02
1.249967062564198705e-02
1.249335964508689265e-02
1.249743272023398112e-02
1.249351197139856283e-02
1.249323381964273505e-02
1.249734427107910759e-02
1.249741530952093969e-02
1.249249544744742389e-02
1.249663698386601664e-02
1.248957376653875122e-02
1.249417893150765561e-02
1.249091402895213289e-02
1.249286075384763162e-02
1.249043030377120465e-02
1.249403660018331627e-02
1.249522245544828700e-02
1.249258107823615280e-02
1.248495857103052928e-02
1.248946170110679273e-02
1.248511701437482989e-02
1.249099199584835854e-02
1.249649086381548514e-02
1.249164949076439837e-02
1.249237637060644258e-02
1.248847402515123987e-02
1.247989725597582061e-02
1.248536014324332956e-02
1.248798592149943584e-02
1.248761770611037797e-02
1.249244357640492444e-02
1.249329986547058520e-02
1.248160440720126954e-02
1.249218547875675066e-02
1.248865316114472143e-02
1.250531796497030695e-02
1.248760814192944636e-02
1.248670243002853592e-02
1.248008030199049788e-02
1.247970987959000876e-02
1.248574220508470896e-02
1.248910332734356338e-02
1.249115855271320207e-02
1.248478718397547788e-02
1.248261820689446078e-02
1.248976475807341870e-02
1.248789625242352486e-02
1.248099970907352169e-02
1.248992428122210931e-02
1.248283689830474545e-02
1.248692149926579342e-02
1.248606690833021539e-02
1.247982161808312840e-02
1.247864713317932070e-02
1.247922337438331190e-02
1.248389143987508644e-02
1.248144954484803684e-02
1.249175386302574589e-02
1.247873379358140598e-02
1.247751174081942332e-02
1.248003713839581502e-02
1.248357082859328539e-02
1.248443117267647451e-02
1.248619518964969727e-02
1.247810803334267749e-02
1.247712348875015288e-02
1.248223474737212083e-02
1.248460428644261599e-02
1.248227672520355741e-02
1.248729790346195072e-02
1.248677262289081547e-02
1.247877470345911191e-02
1.247955238499572767e-02
1.247705004392693669e-02
1.248058198859167828e-02
1.248216925713116487e-02
1.247360620823337492e-02
1.248080791308806697e-02
1.248237714143525696e-02
1.248243835219321578e-02
1.247328258548935712e-02
1.247098619288424665e-02
1.248042614821032355e-02
1.247803216749902681e-02
1.247786205473863479e-02
1.247759071153638731e-02
1.247965513999032931e-02
1.247554038467253712e-02
1.247756739640552663e-02
1.247400865739512615e-02
1.248640945309516595e-02
1.247913390398025513e-02
1.247703801759680355e-02
1.248164475382400503e-02
1.247770635238262989e-02
1.248292371555382099e-02
1.247241821636384425e-02
1.247573193039990501e-02
1.247536489589440994e-02
1.247601784852160438e-02
1.247529934291465720e-02
1.247610574487797476e-02
1.247113368342892686e-02
1.247418271781999301e-02
1.246741369455874396e-02
1.247256526285726690e-02
1.247251646880417376e-02
1.247383899983955588e-02
1.247466013705480527e-02
1.246704494867830783e-02
1.246900436842066778e-02
1.246892968834026512e-02
1.247192436304991880e-02
1.246628955858452778e-02
1.247854933664091157e-02
1.246819797970220682e-02
1.247114563656379765e-02
1.251346677050975929e-02
1.248975761421582467e-02
1.248066810456043181e-02
1.247652907839078354e-02
1.247219501961089466e-02
1.246739595411847264e-02
1.247136388531702028e-02
1.246593543398054511e-02
1.247427757539435085e-02
1.247765879149543081e-02
1.246909318285475618e-02
1.247402137733750506e-02
1.246673610998306515e-02
1.246991985014634166e-02
1.246966574477689944e-02
1.247062269754395554e-02
1.247069138467512585e-02
1.246515895005784018e-02
1.247019916744958497e-02
1.246979723623145055e-02
1.246585025700244244e-02
1.247291356913499995e-02
1.246863671210399205e-02
1.246592765924950212e-02
1.246733033073184858e-02
1.246333544834065180e-02
1.246235745576974342e-02
1.246697387607868628e-02
1.246323748798427479e-02
1.246418060405837976e-02
1.246240611040328947e-02
1.246613420652013630e-02
1.247531455358724499e-02
1.246512006455195894e-02
1.245874297891570552e-02
1.246655364953048323e-02
1.247034421954638581e-02
1.246413045136179898e-02
1.246735805152039862e-02
1.246312377321907514e-02
1.246518614035501196e-02
1.246577195340800928e-02
1.246483908467061613e-02
1.246080046636749601e-02
1.245924500779187379e-02
1.246680665627389675e-02
1.246482348989717652e-02
1.246286145882669928e-02
1.246324013695566946e-02
1.246034992582716744e-02
