5.018092605830983821e+00 2.941962587008182736e-02
7.565362143541581652e+00 2.154229467428211975e-02
1.626241834785518758e+00 1.092165837642356321e-02
1.537560529028186851e-01 2.716762506834829657e-02
1.955952425413817934e+02 1.086177470881665386e+00
5.951940770306583417e+00 1.836976032367541478e+00
3.291506779974781249e+00 8.293918861757328953e-01
-3.457037458444499389e+00 1.722441399566252862e+00
2.775533822995864739e+03 1.494512848106508862e+01
8.949863522478260336e+00 1.658997713757315862e-01
3.066457851087939801e+01 3.668249920540780362e-01
5.774092157954240179e+01 1.502029401953166143e+00
2.626032222736526811e-01 3.421739183278010854e-03
3.305380289644317404e+00 2.026664828975894769e-02
3.480608737025966626e+00 3.159639341165670690e+00
1.316332650747234645e+01 8.991109877277951412e+00
4.858944562026556468e+02 1.098202377655456701e+02
